1.479986472986638546e-03
1.321761053986847401e-03
1.183483051136136055e-03
6.234738975763320923e-04
5.055886576883494854e-04
4.470080020837485790e-04
4.167401348240673542e-04
3.775736549869179726e-04
3.607411927077919245e-04
3.424327878747135401e-04
3.503174229990690947e-04
3.317230439279228449e-04
2.975799143314361572e-04
3.102780610788613558e-04
2.956815005745738745e-04
3.219881327822804451e-04
3.099205496255308390e-04
2.936946111731231213e-04
3.232738818041980267e-04
3.134395519737154245e-04
2.917325473390519619e-04
2.791011356748640537e-04
2.898539241869002581e-04
2.801534428726881742e-04
2.555531391408294439e-04
2.786723780445754528e-04
2.529346675146371126e-04
2.897638769354671240e-04
2.503358118701726198e-04
2.713532012421637774e-04
2.755412424448877573e-04
2.509666373953223228e-04
2.704323560465127230e-04
2.527895267121493816e-04
2.412971807643771172e-04
2.506361342966556549e-04
2.668303495738655329e-04
2.418994263280183077e-04
2.623001928441226482e-04
2.374557225266471505e-04
2.584004541859030724e-04
2.278179017594084144e-04
2.590667863842099905e-04
2.534665982238948345e-04
2.500980044715106487e-04
2.383043902227655053e-04
2.596843696665018797e-04
2.456226502545177937e-04
2.340490900678560138e-04
2.409749868093058467e-04
2.427494328003376722e-04
2.533948863856494427e-04
2.510358463041484356e-04
2.202970208600163460e-04
2.461296971887350082e-04
2.344733657082542777e-04
2.327368856640532613e-04
2.267152012791484594e-04
2.610374649520963430e-04
2.365332766203209758e-04
2.157883573090657592e-04
2.654829877428710461e-04
2.209418453276157379e-04
2.372608432779088616e-04
2.487441233824938536e-04
2.369873400311917067e-04
2.307343820575624704e-04
2.349804708501324058e-04
2.218634181190282106e-04
2.365423279115930200e-04
2.273197751492261887e-04
2.291845448780804873e-04
2.175253757741302252e-04
2.442278782837092876e-04
2.263743226649239659e-04
2.339779603062197566e-04
2.236044965684413910e-04
2.297966129845008254e-04
2.191590756410732865e-04
2.252322738058865070e-04
2.300248888786882162e-04
2.395473275100812316e-04
2.201913302997127175e-04
2.141298755304887891e-04
2.341675426578149199e-04
2.491926134098321199e-04
2.101301943184807897e-04
2.120856515830382705e-04
2.444445563014596701e-04
2.239892201032489538e-04
2.301234926562756300e-04
2.439276140648871660e-04
2.168344362871721387e-04
2.336846519028767943e-04
2.100978599628433585e-04
2.121208381140604615e-04
2.438743395032361150e-04
2.312685246579349041e-04
2.357546327402815223e-04
2.201633033109828830e-04
2.337173209525644779e-04
2.255429571960121393e-04
2.268731477670371532e-04
2.168484934372827411e-04
2.276139421155676246e-04
2.182182652177289128e-04
2.094004885293543339e-04
2.199585142079740763e-04
2.398245414951816201e-04
2.294227888341993093e-04
2.333464799448847771e-04
2.344360400456935167e-04
2.305998350493609905e-04
2.138757845386862755e-04
2.272781566716730595e-04
2.173415268771350384e-04
2.253677521366626024e-04
2.281138877151533961e-04
2.206695498898625374e-04
2.220895257778465748e-04
2.377621713094413280e-04
2.371075388509780169e-04
2.374850882915779948e-04
2.189209917560219765e-04
2.272520214319229126e-04
2.186064957641065121e-04
2.783999952953308821e-04
2.244662027806043625e-04
2.127872285200282931e-04
2.136212569894269109e-04
2.255473664263263345e-04
2.067985769826918840e-04
2.255282452097162604e-04
2.265905641252174973e-04
2.112719666911289096e-04
2.223509218310937285e-04
2.467342128511518240e-04
2.314630110049620271e-04
2.223518386017531157e-04
2.211756363976746798e-04
2.152238448616117239e-04
2.178812719648703933e-04
2.267487434437498450e-04
2.203363983426243067e-04
2.218154986621811986e-04
2.203492622356861830e-04
2.186894562328234315e-04
2.154146932298317552e-04
2.147703926311805844e-04
2.284901711391285062e-04
2.204785123467445374e-04
2.268533280584961176e-04
2.172241220250725746e-04
2.500535047147423029e-04
2.319493214599788189e-04
2.525272429920732975e-04
2.087332541123032570e-04
2.323584631085395813e-04
2.096998359775170684e-04
2.266697701998054981e-04
2.261099725728854537e-04
2.308046823600307107e-04
2.343106898479163647e-04
2.220007590949535370e-04
2.112581569235771894e-04
2.097791002597659826e-04
2.191387466154992580e-04
2.521125716157257557e-04
2.087243046844378114e-04
2.090097405016422272e-04
2.184213662985712290e-04
2.352704468648880720e-04
2.255088184028863907e-04
2.209070225944742560e-04
2.162353193853050470e-04
2.263049973407760262e-04
2.092834329232573509e-04
2.230798854725435376e-04
2.297659229952841997e-04
2.296500606462359428e-04
2.185260818805545568e-04
2.300243941135704517e-04
2.259513858007267118e-04
2.063085994450375438e-04
2.138395939255133271e-04
2.151886292267590761e-04
2.164847101084887981e-04
2.182658645324409008e-04
2.310832496732473373e-04
2.164191682823002338e-04
2.280893677379935980e-04
2.316725149285048246e-04
2.342120715184137225e-04
2.052139898296445608e-04
2.062045241473242640e-04
2.236759755760431290e-04
2.345235552638769150e-04
2.361174265388399363e-04
2.218437439296394587e-04
2.260987967019900680e-04
2.285713562741875648e-04
2.249959361506626010e-04
2.093052898999303579e-04
2.134012902388349175e-04
2.216801367467269301e-04
2.306577662238851190e-04
2.298820036230608821e-04
2.464761491864919662e-04
2.204888005508109927e-04
2.071572380373254418e-04
2.301569184055551887e-04
2.177191781811416149e-04
2.231626131106168032e-04
2.264035283587872982e-04
2.345434913877397776e-04
2.390230656601488590e-04
2.264477225253358483e-04
2.137856936315074563e-04
2.083470462821424007e-04
2.135164249921217561e-04
2.131015062332153320e-04
2.347131958231329918e-04
2.169108920497819781e-04
2.499804541002959013e-04
2.312413416802883148e-04
2.241469628643244505e-04
2.177033602492883801e-04
2.164633624488487840e-04
2.278447936987504363e-04
2.126981999026611447e-04
2.356259356020018458e-04
2.029751631198450923e-04
2.132005029125139117e-04
2.206681965617462993e-04
2.090247580781579018e-04
2.092900685966014862e-04
2.361108490731567144e-04
2.124910970451310277e-04
2.222401235485449433e-04
2.229632518719881773e-04
2.144340542145073414e-04
2.125364553648978472e-04
2.013484481722116470e-04
2.266915835207328200e-04
2.242584305349737406e-04
2.267156087327748537e-04
2.700288023333996534e-04
2.183059987146407366e-04
2.096857788274064660e-04
2.265143411932513118e-04
2.137682604370638728e-04
2.505495795048773289e-04
2.129169879481196404e-04
2.152798115275800228e-04
2.263513451907783747e-04
1.990495075006037951e-04
2.011134056374430656e-04
2.276223385706543922e-04
2.156677946913987398e-04
2.193875552620738745e-04
2.166658086935058236e-04
2.036271325778216124e-04
2.126671461155638099e-04
2.248621312901377678e-04
2.189657534472644329e-04
2.125562896253541112e-04
2.055029472103342414e-04
2.165173209505155683e-04
2.259314787806943059e-04
2.280989574501290917e-04
2.231061953352764249e-04
2.312112192157655954e-04
2.192468091379851103e-04
2.124149032169952989e-04
2.308217517565935850e-04
2.360045764362439513e-04
2.419798984192311764e-04
2.434965572319924831e-04
2.251583064207807183e-04
2.369579597143456340e-04
2.123620506608858705e-04
2.025757567025721073e-04
2.140815631719306111e-04
2.202185423811897635e-04
2.180869487347081304e-04
2.314695884706452489e-04
2.433093322906643152e-04
2.113320078933611512e-04
2.155655092792585492e-04
2.205609198426827788e-04
2.297980245202779770e-04
2.187235513702034950e-04
2.110984787577763200e-04
2.222320908913388848e-04
2.172155509470030665e-04
2.269191900268197060e-04
2.189143560826778412e-04
2.107150212395936251e-04
2.277028106618672609e-04
2.114148956025019288e-04
2.338750928174704313e-04
2.222519542556256056e-04
2.242447080789133906e-04
2.255120489280670881e-04
2.247231459477916360e-04
2.100059355143457651e-04
2.253059647046029568e-04
2.474459470249712467e-04
2.074026124319061637e-04
2.197266730945557356e-04
2.132012159563601017e-04
2.147190825780853629e-04
2.028114104177802801e-04
2.116553805535659194e-04
2.161770971724763513e-04
2.091282512992620468e-04
2.066982415271922946e-04
2.121639408869668841e-04
2.043910935753956437e-04
2.240722533315420151e-04
2.079721452901139855e-04
2.378449134994298220e-04
2.146416663890704513e-04
2.040990802925080061e-04
2.143843012163415551e-04
2.076884557027369738e-04
2.204170159529894590e-04
2.186903147958219051e-04
2.109585475409403443e-04
2.211222308687865734e-04
2.150058135157451034e-04
2.250044344691559672e-04
2.443579724058508873e-04
2.242034242954105139e-04
2.313624427188187838e-04
2.221008617198094726e-04
2.144040772691369057e-04
2.099242119584232569e-04
2.106906322296708822e-04
2.230370591860264540e-04
2.229900856036692858e-04
2.152765664504840970e-04
2.162416203645989299e-04
2.117827825713902712e-04
2.087787288473919034e-04
2.323085209354758263e-04
2.153345849364995956e-04
2.259715402033179998e-04
2.170977240893989801e-04
2.164439938496798277e-04
2.182159223593771458e-04
2.011873730225488544e-04
2.049744798569008708e-04
2.163624158129096031e-04
2.379075449425727129e-04
2.103278238791972399e-04
2.070561604341492057e-04
2.192184620071202517e-04
2.131515211658552289e-04
2.153789973817765713e-04
2.000765234697610140e-04
2.092155336868017912e-04
2.515699889045208693e-04
2.188640064559876919e-04
2.599136787466704845e-04
2.272321435157209635e-04
2.401236997684463859e-04
2.184463955927640200e-04
2.253681304864585400e-04
2.082030405290424824e-04
2.076209057122468948e-04
2.118441043421626091e-04
2.171057276427745819e-04
2.185558987548574805e-04
2.158467395929619670e-04
2.212074177805334330e-04
2.088266337523236871e-04
2.177524729631841183e-04
2.092561335302889347e-04
2.180092560593038797e-04
2.081684797303751111e-04
2.219981106463819742e-04
2.164830366382375360e-04
2.059968537651002407e-04
2.068333269562572241e-04
2.129454660462215543e-04
2.049087779596447945e-04
2.200842573074623942e-04
2.080059639411047101e-04
2.221754402853548527e-04
2.106072643073275685e-04
2.089779591187834740e-04
2.297009341418743134e-04
2.198954316554591060e-04
2.048323513008654118e-04
2.161123993573710322e-04
2.076973323710262775e-04
2.117227995768189430e-04
2.385197876719757915e-04
2.095123199978843331e-04
2.095845411531627178e-04
2.114561939379200339e-04
2.091222122544422746e-04
2.042926935246214271e-04
2.046935405815020204e-04
2.239673485746607184e-04
2.234191051684319973e-04
2.144516765838488936e-04
2.127439511241391301e-04
2.351817820454016328e-04
2.268811222165822983e-04
2.268898533657193184e-04
2.207457291660830379e-04
2.053819625871255994e-04
2.050951006822288036e-04
2.186327183153480291e-04
2.262120833620429039e-04
2.157549897674471140e-04
2.243005583295598626e-04
2.166756457882001996e-04
2.136091352440416813e-04
1.985605194931849837e-04
2.065995504381135106e-04
2.234197600046172738e-04
2.354929747525602579e-04
2.155737602151930332e-04
2.056293014902621508e-04
2.245226060040295124e-04
2.151808876078575850e-04
2.437426446704193950e-04
2.157841227017343044e-04
2.093915391014888883e-04
1.996426872210577130e-04
2.493277133908122778e-04
2.118093398166820407e-04
2.062674320768564939e-04
2.271326084155589342e-04
2.076594100799411535e-04
2.368437126278877258e-04
2.105896855937317014e-04
2.083278086502104998e-04
2.130478533217683434e-04
2.458313829265534878e-04
2.253895072499290109e-04
2.164813049603253603e-04
2.132522640749812126e-04
2.235807332908734679e-04
2.107176551362499595e-04
2.202970499638468027e-04
2.226186770712956786e-04
2.170992956962436438e-04
2.116299292538315058e-04
2.112483489327132702e-04
2.197752619395032525e-04
2.147754566976800561e-04
2.110567438649013638e-04
2.080233534798026085e-04
2.149869105778634548e-04
2.143556339433416724e-04
2.241999900434166193e-04
2.109168854076415300e-04
2.120820718118920922e-04
2.124584570992738008e-04
2.237441076431423426e-04
2.199388400185853243e-04
2.185679768444970250e-04
2.309915580553933978e-04
2.139305433956906199e-04
2.422477555228397250e-04
2.099705016007646918e-04
2.075420925393700600e-04
2.137635165126994252e-04
2.124727179761976004e-04
2.296347811352461576e-04
2.124236052623018622e-04
2.309844567207619548e-04
2.201553143095225096e-04
2.089290646836161613e-04
2.082977298414334655e-04
2.116847026627510786e-04
2.143341844202950597e-04
2.086706372210755944e-04
2.198229340137913823e-04
2.287625975441187620e-04
2.127808984369039536e-04
2.200417220592498779e-04
2.196177520090714097e-04
2.037994418060407043e-04
2.116677351295948029e-04
2.154949761461466551e-04
2.052850759355351329e-04
2.163915196433663368e-04
2.173296088585630059e-04
2.195223059970885515e-04
2.320250059710815549e-04
2.209444937761873007e-04
2.184673794545233250e-04
2.187171048717573285e-04
2.142901503248140216e-04
2.228885277872905135e-04
2.120967255905270576e-04
2.249874960398301482e-04
2.198236907133832574e-04
2.208246878581121564e-04
2.364262763876467943e-04
2.017349033849313855e-04
2.232485858257859945e-04
2.597639395389705896e-04
2.118397096637636423e-04
2.130556968040764332e-04
2.062479616142809391e-04
2.147991472156718373e-04
2.092965150950476527e-04
2.028421586146578193e-04
2.321927604498341680e-04
2.108025801135227084e-04
2.214002452092245221e-04
2.084956795442849398e-04
2.099174162140116096e-04
2.298785693710669875e-04
2.205247728852555156e-04
2.196439163526520133e-04
2.356817130930721760e-04
2.004953566938638687e-04
2.375728945480659604e-04
2.822305541485548019e-04
2.588258939795196056e-04
2.103728620568290353e-04
2.274446887895464897e-04
2.182843454647809267e-04
2.215380809502676129e-04
2.209892409155145288e-04
2.263417554786428809e-04
2.247825177619233727e-04
2.281360357301309705e-04
2.304181689396500587e-04
2.188514481531456113e-04
2.072874922305345535e-04
2.185282210120931268e-04
2.158081333618611097e-04
2.164673496736213565e-04
2.333462471142411232e-04
2.245592768304049969e-04
2.206403005402535200e-04
2.229643578175455332e-04
2.190508967032656074e-04
2.285065711475908756e-04
2.032898773904889822e-04
2.077296521747484803e-04
2.176818525185808539e-04
2.342683437746018171e-04
2.183773322030901909e-04
2.196791319875046611e-04
2.207711077062413096e-04
2.194731496274471283e-04
2.017420483753085136e-04
2.108349144691601396e-04
2.129314671037718654e-04
2.154554240405559540e-04
2.169607323594391346e-04
2.141221339115872979e-04
2.144509053323417902e-04
2.200152375735342503e-04
2.120087156072258949e-04
2.095131494570523500e-04
2.085024898406118155e-04
2.250222023576498032e-04
3.294521302450448275e-04
2.332813746761530638e-04
2.014881465584039688e-04
2.276910236105322838e-04
2.261162298964336514e-04
2.357630291953682899e-04
2.370634174440056086e-04
2.677776210475713015e-04
2.192802494391798973e-04
2.334223245270550251e-04
2.108671469613909721e-04
2.153561217710375786e-04
2.307066315552219748e-04
2.399028890067711473e-04
2.339398197364062071e-04
2.217326109530404210e-04
2.005704591283574700e-04
2.042044361587613821e-04
2.161386219086125493e-04
2.349185961065813899e-04
2.123759477399289608e-04
2.309539268026128411e-04
2.203850744990631938e-04
2.204303746111690998e-04
2.289530239067971706e-04
2.190532832173630595e-04
2.091095957439392805e-04
2.123879094142466784e-04
2.137060509994626045e-04
2.184050827054306865e-04
2.211862738477066159e-04
2.190926315961405635e-04
2.153605601051822305e-04
2.162436576327309012e-04
2.167263592127710581e-04
2.103678416460752487e-04
2.163687022402882576e-04
2.010646567214280367e-04
2.250738034490495920e-04
2.105067105730995536e-04
2.177245769416913390e-04
2.275739389006048441e-04
2.112201327690854669e-04
2.419151132926344872e-04
2.241909533040598035e-04
2.262696070829406381e-04
2.126482431776821613e-04
2.114740345859900117e-04
2.174327382817864418e-04
2.125599712599068880e-04
2.153818059014156461e-04
2.215470012743026018e-04
2.313152945134788752e-04
2.083203580696135759e-04
2.145821636077016592e-04
2.212060207966715097e-04
2.177934948122128844e-04
1.968328724615275860e-04
2.043236745521426201e-04
2.061717968899756670e-04
2.299872867297381163e-04
2.246697695227339864e-04
2.129918284481391311e-04
2.089486224576830864e-04
2.387383865425363183e-04
2.280234766658395529e-04
2.218004665337502956e-04
2.227057120762765408e-04
2.270926052005961537e-04
2.080948761431500316e-04
2.449084131512790918e-04
2.113774535246193409e-04
2.135900722350925207e-04
2.134777168976143003e-04
2.080679114442318678e-04
2.179129078285768628e-04
2.174700202886015177e-04
2.042439591605216265e-04
2.066734741674736142e-04
2.379293873673304915e-04
2.485782024450600147e-04
2.139825664926320314e-04
2.094476221827790141e-04
2.123129670508205891e-04
2.058589016087353230e-04
2.105077001033350825e-04
2.465155848767608404e-04
2.252044941997155547e-04
2.172742679249495268e-04
2.189446677220985293e-04
2.046490844804793596e-04
2.100670972140505910e-04
2.183294855058193207e-04
2.064014697680249810e-04
2.101783175021409988e-04
2.223059564130380750e-04
2.305660891579464078e-04
2.237994340248405933e-04
2.090005145873874426e-04
2.090704219881445169e-04
2.057551464531570673e-04
2.175314584746956825e-04
2.227736113127321005e-04
2.149051142623648047e-04
2.027490700129419565e-04
2.348558628000319004e-04
2.195021079387515783e-04
2.185096091125160456e-04
2.324086672160774469e-04
2.111811481881886721e-04
2.182138268835842609e-04
2.254423015983775258e-04
2.163777971873059869e-04
2.217468572780489922e-04
2.133182570105418563e-04
2.068741741823032498e-04
2.076184318866580725e-04
2.227558579761534929e-04
2.135551912942901254e-04
2.436682843836024404e-04
2.123884914908558130e-04
2.124425227520987391e-04
2.199806331191211939e-04
2.428092702757567167e-04
2.150381187675520778e-04
2.162887103622779250e-04
2.041022817138582468e-04
2.201954921474680305e-04
2.207093057222664356e-04
2.142600278602913022e-04
2.323982189409434795e-04
2.154069807147607207e-04
2.787671983242034912e-04
2.380540536250919104e-04
2.481863775756210089e-04
2.347456902498379350e-04
1.996944338316097856e-04
2.047631860477849841e-04
2.049899048870429397e-04
2.033551863860338926e-04
2.089581103064119816e-04
2.212727995356544852e-04
2.054217038676142693e-04
2.187984209740534425e-04
2.154264948330819607e-04
2.136606053682044148e-04
2.099190314766019583e-04
2.177138812839984894e-04
2.108150656567886472e-04
2.200235612690448761e-04
2.151728112949058414e-04
2.104953164234757423e-04
2.288288378622382879e-04
2.131732908310368657e-04
2.195288107031956315e-04
2.104539889842271805e-04
2.022307162405923009e-04
2.132754307240247726e-04
2.098489057971164584e-04
2.254128194181248546e-04
2.417791547486558557e-04
2.067374443868175149e-04
2.272903802804648876e-04
2.288377727381885052e-04
2.190943050663918257e-04
2.138963754987344146e-04
2.199015725636854768e-04
2.326688991161063313e-04
2.018286177190020680e-04
2.229222009191289544e-04
2.120307326549664140e-04
2.064620493911206722e-04
2.085849991999566555e-04
2.134095702785998583e-04
2.181139425374567509e-04
2.139284333679825068e-04
2.108049666276201606e-04
1.991191093111410737e-04
2.078021643683314323e-04
2.104730956489220262e-04
2.194733242504298687e-04
2.073228097287937999e-04
2.051081974059343338e-04
2.486833254806697369e-04
2.401480596745386720e-04
1.992904872167855501e-04
2.051148621831089258e-04
2.229406236438080668e-04
2.216430148109793663e-04
2.109319902956485748e-04
2.079872356262058020e-04
2.146884799003601074e-04
2.171576634282246232e-04
2.302412176504731178e-04
2.266389783471822739e-04
2.068856410915032029e-04
2.231700782431289554e-04
2.135002287104725838e-04
2.149685315089300275e-04
2.225631906185299158e-04
2.174759138142690063e-04
2.030460891546681523e-04
2.006165159400552511e-04
2.148095663869753480e-04
2.124113962054252625e-04
2.237362641608342528e-04
2.071944181807339191e-04
2.448265149723738432e-04
2.041522529907524586e-04
2.114121598424389958e-04
2.119614218827337027e-04
2.455157227814197540e-04
2.181341114919632673e-04
2.157408453058451414e-04
2.195566630689427257e-04
2.131639339495450258e-04
2.250274992547929287e-04
2.131091750925406814e-04
2.018994855461642146e-04
2.060292608803138137e-04
2.019526727963238955e-04
2.040110412053763866e-04
2.154354297090321779e-04
2.173087559640407562e-04
2.221411850769072771e-04
1.972922182176262140e-04
2.147966733900830150e-04
2.100712445098906755e-04
2.029702882282435894e-04
2.048484893748536706e-04
2.180518931709229946e-04
2.243440394522622228e-04
2.201034803874790668e-04
2.113386290147900581e-04
2.156756818294525146e-04
2.381502999924123287e-04
2.322387299500405788e-04
2.190123777836561203e-04
2.062160492641851306e-04
2.128099877154454589e-04
2.129329077433794737e-04
2.141212899005040526e-04
2.036099322140216827e-04
2.240711182821542025e-04
2.220673632109537721e-04
2.513799699954688549e-04
2.013161574723199010e-04
2.240822941530495882e-04
2.390859735896810889e-04
2.134263922926038504e-04
2.138612326234579086e-04
2.151941298507153988e-04
2.165367914130911231e-04
2.077879180433228612e-04
2.063372230622917414e-04
2.090917550958693027e-04
2.360073995077982545e-04
1.981146488105878234e-04
2.236541331512853503e-04
2.036813966697081923e-04
1.998432562686502934e-04
2.278978063259273767e-04
2.219801099272444844e-04
2.058406826108694077e-04
2.201266033807769418e-04
2.149559586541727185e-04
2.063933497993275523e-04
2.142055454896762967e-04
2.230618702014908195e-04
2.189225197071209550e-04
2.006467693718150258e-04
2.048679307335987687e-04
2.046371664619073272e-04
2.113811206072568893e-04
2.066484012175351381e-04
2.059526741504669189e-04
2.183269243687391281e-04
2.162325108656659722e-04
2.008800802286714315e-04
2.237494918517768383e-04
2.054205542663112283e-04
2.088946639560163021e-04
2.133275120286270976e-04
2.157143608201295137e-04
2.192309475503861904e-04
2.168599457945674658e-04
2.057505771517753601e-04
2.199428417952731252e-04
2.032896591117605567e-04
2.183070319006219506e-04
2.065582957584410906e-04
2.116116811521351337e-04
2.059616672340780497e-04
2.046690497081726789e-04
2.102275320794433355e-04
2.092224603984504938e-04
2.299643383594229817e-04
2.317520702490583062e-04
2.376656484557315707e-04
3.042187599930912256e-04
2.269541437271982431e-04
2.403379476163536310e-04
2.185691555496305227e-04
2.234312560176476836e-04
2.060557744698598981e-04
2.172045060433447361e-04
2.279701875522732735e-04
2.105197490891441703e-04
2.187391655752435327e-04
2.251553814858198166e-04
2.109209599439054728e-04
2.578193380031734705e-04
2.148774219676852226e-04
2.215763233834877610e-04
2.137395058525726199e-04
2.171044179704040289e-04
2.183898614021018147e-04
2.201176976086571813e-04
2.272898564115166664e-04
2.136680413968861103e-04
2.245271170977503061e-04
2.030267787631601095e-04
2.219681773567572236e-04
2.359693462494760752e-04
2.207995567005127668e-04
2.001511747948825359e-04
2.156579284928739071e-04
2.242734917672351003e-04
2.248377568321302533e-04
2.338172780582681298e-04
2.242726332042366266e-04
2.185627818107604980e-04
2.100046403938904405e-04
2.119447017321363091e-04
2.150694781448692083e-04
2.363290404900908470e-04
2.113771042786538601e-04
2.368955756537616253e-04
2.610438095871359110e-04
2.132717636413872242e-04
2.152711676899343729e-04
2.163378812838345766e-04
2.137363480869680643e-04
2.255671424791216850e-04
2.304189692949876189e-04
2.267333038616925478e-04
2.304100198671221733e-04
2.111077337758615613e-04
2.165588375646620989e-04
2.290277625434100628e-04
2.174483670387417078e-04
1.994984486373141408e-04
2.094347146339714527e-04
2.164548350265249610e-04
2.009932795772328973e-04
2.148834173567593098e-04
2.180570008931681514e-04
2.147853520000353456e-04
2.003146801143884659e-04
2.383561804890632629e-04
2.233621489722281694e-04
2.135174581781029701e-04
2.237782464362680912e-04
2.273402060382068157e-04
2.055535151157528162e-04
2.054143114946782589e-04
2.687619125936180353e-04
2.153609093511477113e-04
2.224325726274400949e-04
2.246395015390589833e-04
2.102586295222863555e-04
2.217763976659625769e-04
2.133347297785803676e-04
2.675109426490962505e-04
2.157158742193132639e-04
2.406954590696841478e-04
2.274104481330141425e-04
2.238956367364153266e-04
2.235606370959430933e-04
2.219536254415288568e-04
2.050491166301071644e-04
2.106583560816943645e-04
2.114024391630664468e-04
2.111417852574959397e-04
2.404112019576132298e-04
2.260772307636216283e-04
2.232194528914988041e-04
2.068610920105129480e-04
2.171124069718644023e-04
1.974007755052298307e-04
2.098111290251836181e-04
2.198415459133684635e-04
2.137144474545493722e-04
2.157995913876220584e-04
1.962029054993763566e-04
3.504289197735488415e-04
2.331366122234612703e-04
2.524587616790086031e-04
2.219334855908527970e-04
2.460420073475688696e-04
2.433575427858158946e-04
2.290652628289535642e-04
2.276687009725719690e-04
2.175567788071930408e-04
2.204060583608224988e-04
2.151740482077002525e-04
2.123812300851568580e-04
2.205675700679421425e-04
2.105040184687823057e-04
2.013611374422907829e-04
2.118467964464798570e-04
2.134009409928694367e-04
2.185044286306947470e-04
2.476380323059856892e-04
2.445537538733333349e-04
2.029119932558387518e-04
2.113907103193923831e-04
2.019954117713496089e-04
1.986109709832817316e-04
2.160079893656075001e-04
2.158172428607940674e-04
2.065593289444223046e-04
2.160992007702589035e-04
2.138819108949974179e-04
2.150097425328567624e-04
2.317703329026699066e-04
2.065558364847674966e-04
2.173382381442934275e-04
2.232888946309685707e-04
2.066587330773472786e-04
2.124272286891937256e-04
2.124983875546604395e-04
2.173647226300090551e-04
