15.005571
15.055592
15.105613
15.155633
15.205654
15.255675
15.305696
15.355716
15.405737
15.455758
15.505779
15.555800
15.605820
15.655841
15.705862
15.755883
15.805903
15.855924
15.905945
15.955966
16.005987
16.056007
16.106028
16.156049
16.206070
16.256090
16.306111
16.356132
16.406153
16.456173
16.506194
16.556215
16.606236
16.656257
16.706277
16.756298
16.806319
16.856340
16.906360
16.956381
17.006402
17.056423
17.106444
17.156464
17.206485
17.256506
17.306527
17.356547
17.406568
17.456589
17.506610
17.556631
17.606651
17.656672
17.706693
17.756714
17.806734
17.856755
17.906776
17.956797
18.006818
18.056838
18.106859
18.156880
18.206901
18.256921
18.306942
18.356963
18.406984
18.457005
18.507025
18.557046
18.607067
18.657088
18.707108
18.757129
18.807150
18.857171
18.907192
18.957212
19.007233
19.057254
19.107275
19.157295
19.207316
19.257337
19.307358
19.357378
19.407399
19.457420
19.507441
19.557462
19.607482
19.657503
19.707524
19.757545
19.807565
19.857586
19.907607
19.957628
20.007649
20.057669
20.107690
20.157711
20.207732
20.257752
20.307773
20.357794
20.407815
20.457836
20.507856
20.557877
20.607898
20.657919
20.707939
20.757960
20.807981
20.858002
20.908023
20.958043
21.008064
21.058085
21.108106
21.158126
21.208147
21.258168
21.308189
21.358210
21.408230
21.458251
21.508272
21.558293
21.608313
21.658334
21.708355
21.758376
21.808397
21.858417
21.908438
21.958459
22.008480
22.058500
22.108521
22.158542
22.208563
22.258583
22.308604
22.358625
22.408646
22.458667
22.508687
22.558708
22.608729
22.658750
22.708770
22.758791
22.808812
22.858833
22.908854
22.958874
23.008895
23.058916
23.108937
23.158957
23.208978
23.258999
23.309020
23.359041
23.409061
23.459082
23.509103
23.559124
23.609144
23.659165
23.709186
23.759207
23.809228
23.859248
23.909269
23.959290
24.009311
24.059331
24.109352
24.159373
24.209394
24.259415
24.309435
24.359456
24.409477
24.459498
24.509518
24.559539
24.609560
24.659581
24.709602
24.759622
24.809643
24.859664
24.909685
24.959705
25.009726
25.059747
25.109768
25.159788
25.209809
25.259830
25.309851
25.359872
25.409892
25.459913
25.509934
25.559955
25.609975
25.659996
25.710017
25.760038
25.810059
25.860079
25.910100
25.960121
26.010142
26.060162
26.110183
26.160204
26.210225
26.260246
26.310266
26.360287
26.410308
26.460329
26.510349
26.560370
26.610391
26.660412
26.710433
26.760453
26.810474
26.860495
26.910516
26.960536
27.010557
27.060578
27.110599
27.160620
27.210640
27.260661
27.310682
27.360703
27.410723
27.460744
27.510765
27.560786
27.610806
27.660827
27.710848
27.760869
27.810890
27.860910
27.910931
27.960952
28.010973
28.060993
28.111014
28.161035
28.211056
28.261077
28.311097
28.361118
28.411139
28.461160
28.511180
28.561201
28.611222
28.661243
28.711264
28.761284
28.811305
28.861326
28.911347
28.961367
29.011388
29.061409
29.111430
29.161451
29.211471
29.261492
29.311513
29.361534
29.411554
29.461575
29.511596
29.561617
29.611638
29.661658
29.711679
29.761700
29.811721
29.861741
29.911762
29.961783
30.011804
30.061825
30.111845
30.161866
30.211887
30.261908
30.311928
30.361949
30.411970
30.461991
30.512011
30.562032
30.612053
30.662074
30.712095
30.762115
30.812136
30.862157
30.912178
30.962198
31.012219
31.062240
31.112261
31.162282
31.212302
31.262323
31.312344
31.362365
31.412385
31.462406
31.512427
31.562448
31.612469
31.662489
31.712510
31.762531
31.812552
31.862572
31.912593
31.962614
32.012635
32.062656
32.112676
32.162697
32.212718
32.262739
32.312759
32.362780
32.412801
32.462822
32.512843
32.562863
32.612884
32.662905
32.712926
32.762946
32.812967
32.862988
32.913009
32.963030
33.013050
33.063071
33.113092
33.163113
33.213133
33.263154
33.313175
33.363196
33.413216
33.463237
33.513258
33.563279
33.613300
33.663320
33.713341
33.763362
33.813383
33.863403
33.913424
33.963445
34.013466
34.063487
34.113507
34.163528
34.213549
34.263570
34.313590
34.363611
34.413632
34.463653
34.513674
34.563694
34.613715
34.663736
34.713757
34.763777
34.813798
34.863819
34.913840
34.963861
35.013881
35.063902
35.113923
35.163944
35.213964
35.263985
35.314006
35.364027
35.414048
35.464068
35.514089
35.564110
35.614131
35.664151
35.714172
35.764193
35.814214
35.864234
35.914255
35.964276
36.014297
36.064318
36.114338
36.164359
36.214380
36.264401
36.314421
36.364442
36.414463
36.464484
36.514505
36.564525
36.614546
36.664567
36.714588
36.764608
36.814629
36.864650
36.914671
36.964692
37.014712
37.064733
37.114754
37.164775
37.214795
37.264816
37.314837
37.364858
37.414879
37.464899
37.514920
37.564941
37.614962
37.664982
37.715003
37.765024
37.815045
37.865066
37.915086
37.965107
38.015128
38.065149
38.115169
38.165190
38.215211
38.265232
38.315253
38.365273
38.415294
38.465315
38.515336
38.565356
38.615377
38.665398
38.715419
38.765439
38.815460
38.865481
38.915502
38.965523
39.015543
39.065564
39.115585
39.165606
39.215626
39.265647
39.315668
39.365689
39.415710
39.465730
39.515751
39.565772
39.615793
39.665813
39.715834
39.765855
39.815876
39.865897
39.915917
39.965938
40.015959
40.065980
40.116000
40.166021
40.216042
40.266063
40.316084
40.366104
40.416125
40.466146
40.516167
40.566187
40.616208
40.666229
40.716250
40.766271
40.816291
40.866312
40.916333
40.966354
41.016374
41.066395
41.116416
41.166437
41.216458
41.266478
41.316499
41.366520
41.416541
41.466561
41.516582
41.566603
41.616624
41.666644
41.716665
41.766686
41.816707
41.866728
41.916748
41.966769
42.016790
42.066811
42.116831
42.166852
42.216873
42.266894
42.316915
42.366935
42.416956
42.466977
42.516998
42.567018
42.617039
42.667060
42.717081
42.767102
42.817122
42.867143
42.917164
42.967185
43.017205
43.067226
43.117247
43.167268
43.217289
43.267309
43.317330
43.367351
43.417372
43.467392
43.517413
43.567434
43.617455
43.667476
43.717496
43.767517
43.817538
43.867559
43.917579
43.967600
44.017621
44.067642
44.117663
44.167683
44.217704
44.267725
44.317746
44.367766
44.417787
44.467808
44.517829
44.567849
44.617870
44.667891
44.717912
44.767933
44.817953
44.867974
44.917995
44.968016
45.018036
45.068057
45.118078
45.168099
45.218120
45.268140
45.318161
45.368182
45.418203
45.468223
45.518244
45.568265
45.618286
45.668307
45.718327
45.768348
45.818369
45.868390
45.918410
45.968431
46.018452
46.068473
46.118494
46.168514
46.218535
46.268556
46.318577
46.368597
46.418618
46.468639
46.518660
46.568681
46.618701
46.668722
46.718743
46.768764
46.818784
46.868805
46.918826
46.968847
47.018867
47.068888
47.118909
47.168930
47.218951
47.268971
47.318992
47.369013
47.419034
47.469054
47.519075
47.569096
47.619117
47.669138
47.719158
47.769179
47.819200
47.869221
47.919241
47.969262
48.019283
48.069304
48.119325
48.169345
48.219366
48.269387
48.319408
48.369428
48.419449
48.469470
48.519491
48.569512
48.619532
48.669553
48.719574
48.769595
48.819615
48.869636
48.919657
48.969678
49.019699
49.069719
49.119740
49.169761
49.219782
49.269802
49.319823
49.369844
49.419865
49.469886
49.519906
49.569927
49.619948
49.669969
49.719989
49.770010
49.820031
49.870052
49.920072
49.970093
50.020114
50.070135
50.120156
50.170176
50.220197
50.270218
50.320239
50.370259
50.420280
50.470301
50.520322
50.570343
50.620363
50.670384
50.720405
50.770426
50.820446
50.870467
50.920488
50.970509
51.020530
51.070550
51.120571
51.170592
51.220613
51.270633
51.320654
51.370675
51.420696
51.470717
51.520737
51.570758
51.620779
51.670800
51.720820
51.770841
51.820862
51.870883
51.920904
51.970924
52.020945
52.070966
52.120987
52.171007
52.221028
52.271049
52.321070
52.371091
52.421111
52.471132
52.521153
52.571174
52.621194
52.671215
52.721236
52.771257
52.821277
52.871298
52.921319
52.971340
53.021361
53.071381
53.121402
53.171423
53.221444
53.271464
53.321485
53.371506
53.421527
53.471548
53.521568
53.571589
53.621610
53.671631
53.721651
53.771672
53.821693
53.871714
53.921735
53.971755
54.021776
54.071797
54.121818
54.171838
54.221859
54.271880
54.321901
54.371922
54.421942
54.471963
54.521984
54.572005
54.622025
54.672046
54.722067
54.772088
54.822109
54.872129
54.922150
54.972171
55.022192
55.072212
55.122233
55.172254
55.222275
55.272295
55.322316
55.372337
55.422358
55.472379
55.522399
55.572420
55.622441
55.672462
55.722482
55.772503
55.822524
55.872545
55.922566
55.972586
56.022607
56.072628
56.122649
56.172669
56.222690
56.272711
56.322732
56.372753
56.422773
56.472794
56.522815
56.572836
56.622856
56.672877
56.722898
56.772919
56.822940
56.872960
56.922981
56.973002
57.023023
57.073043
57.123064
57.173085
57.223106
57.273127
57.323147
57.373168
57.423189
57.473210
57.523230
57.573251
57.623272
57.673293
57.723314
57.773334
57.823355
57.873376
57.923397
57.973417
58.023438
58.073459
58.123480
58.173500
58.223521
58.273542
58.323563
58.373584
58.423604
58.473625
58.523646
58.573667
58.623687
58.673708
58.723729
58.773750
58.823771
58.873791
58.923812
58.973833
59.023854
59.073874
59.123895
59.173916
59.223937
59.273958
59.323978
59.373999
59.424020
59.474041
59.524061
59.574082
59.624103
59.674124
59.724145
59.774165
59.824186
59.874207
59.924228
59.974248
60.024269
60.074290
60.124311
60.174332
60.224352
60.274373
60.324394
60.374415
60.424435
60.474456
60.524477
60.574498
60.624519
60.674539
60.724560
60.774581
60.824602
60.874622
60.924643
60.974664
61.024685
61.074705
61.124726
61.174747
61.224768
61.274789
61.324809
61.374830
61.424851
61.474872
61.524892
61.574913
61.624934
61.674955
61.724976
61.774996
61.825017
61.875038
61.925059
61.975079
62.025100
62.075121
62.125142
62.175163
62.225183
62.275204
62.325225
62.375246
62.425266
62.475287
62.525308
62.575329
62.625350
62.675370
62.725391
62.775412
62.825433
62.875453
62.925474
62.975495
63.025516
63.075537
63.125557
63.175578
63.225599
63.275620
63.325640
63.375661
63.425682
63.475703
63.525724
63.575744
63.625765
63.675786
63.725807
63.775827
63.825848
63.875869
63.925890
63.975910
64.025931
64.075952
64.125973
64.175994
64.226014
64.276035
64.326056
64.376077
64.426097
64.476118
64.526139
64.576160
64.626181
64.676201
64.726222
64.776243
64.826264
64.876284
64.926305
64.976326
