0.501400
0.502399
0.503399
0.504398
0.505398
0.506397
0.507397
0.508396
0.509396
0.510395
0.511395
0.512394
0.513394
0.514393
0.515393
0.516392
0.517392
0.518391
0.519391
0.520390
0.521390
0.522389
0.523389
0.524388
0.525388
0.526387
0.527387
0.528386
0.529386
0.530385
0.531385
0.532384
0.533384
0.534383
0.535383
0.536382
0.537382
0.538381
0.539381
0.540380
0.541380
0.542379
0.543379
0.544378
0.545378
0.546377
0.547377
0.548376
0.549376
0.550375
0.551375
0.552374
0.553374
0.554373
0.555373
0.556372
0.557372
0.558371
0.559371
0.560370
0.561370
0.562369
0.563369
0.564368
0.565368
0.566367
0.567367
0.568366
0.569366
0.570365
0.571365
0.572364
0.573364
0.574363
0.575363
0.576362
0.577362
0.578361
0.579361
0.580360
0.581360
0.582359
0.583359
0.584358
0.585358
0.586357
0.587357
0.588356
0.589356
0.590355
0.591355
0.592354
0.593354
0.594353
0.595353
0.596352
0.597352
0.598351
0.599351
0.600350
0.601350
0.602349
0.603349
0.604348
0.605348
0.606347
0.607347
0.608346
0.609346
0.610345
0.611345
0.612344
0.613344
0.614343
0.615343
0.616342
0.617342
0.618341
0.619341
0.620340
0.621340
0.622339
0.623339
0.624338
0.625338
0.626337
0.627337
0.628336
0.629336
0.630335
0.631335
0.632334
0.633334
0.634333
0.635333
0.636332
0.637332
0.638331
0.639331
0.640330
0.641330
0.642329
0.643329
0.644328
0.645328
0.646327
0.647327
0.648326
0.649326
0.650325
0.651325
0.652324
0.653324
0.654323
0.655323
0.656322
0.657322
0.658321
0.659321
0.660320
0.661320
0.662319
0.663319
0.664318
0.665318
0.666317
0.667317
0.668316
0.669316
0.670315
0.671315
0.672314
0.673314
0.674313
0.675313
0.676312
0.677312
0.678311
0.679311
0.680310
0.681310
0.682309
0.683309
0.684308
0.685308
0.686307
0.687307
0.688306
0.689306
0.690305
0.691305
0.692304
0.693304
0.694303
0.695303
0.696302
0.697302
0.698301
0.699301
0.700300
0.701300
0.702299
0.703299
0.704298
0.705298
0.706297
0.707297
0.708296
0.709296
0.710295
0.711295
0.712294
0.713294
0.714293
0.715293
0.716292
0.717292
0.718291
0.719291
0.720290
0.721290
0.722289
0.723289
0.724288
0.725288
0.726287
0.727287
0.728286
0.729286
0.730285
0.731285
0.732284
0.733284
0.734283
0.735283
0.736282
0.737282
0.738281
0.739281
0.740280
0.741280
0.742279
0.743279
0.744278
0.745278
0.746277
0.747277
0.748276
0.749276
0.750275
0.751275
0.752274
0.753274
0.754273
0.755273
0.756272
0.757272
0.758271
0.759271
0.760270
0.761270
0.762269
0.763269
0.764268
0.765268
0.766267
0.767267
0.768266
0.769266
0.770265
0.771265
0.772264
0.773264
0.774263
0.775263
0.776262
0.777262
0.778261
0.779261
0.780260
0.781260
0.782259
0.783259
0.784258
0.785258
0.786257
0.787257
0.788256
0.789256
0.790255
0.791255
0.792254
0.793254
0.794253
0.795253
0.796252
0.797252
0.798251
0.799251
0.800250
0.801250
0.802249
0.803249
0.804248
0.805248
0.806247
0.807247
0.808246
0.809246
0.810245
0.811245
0.812244
0.813244
0.814243
0.815243
0.816242
0.817242
0.818241
0.819241
0.820240
0.821240
0.822239
0.823239
0.824238
0.825238
0.826237
0.827237
0.828236
0.829236
0.830235
0.831235
0.832234
0.833234
0.834233
0.835233
0.836232
0.837232
0.838231
0.839231
0.840230
0.841230
0.842229
0.843229
0.844228
0.845228
0.846227
0.847227
0.848226
0.849226
0.850225
0.851225
0.852224
0.853224
0.854223
0.855223
0.856222
0.857222
0.858221
0.859221
0.860220
0.861220
0.862219
0.863219
0.864218
0.865218
0.866217
0.867217
0.868216
0.869216
0.870215
0.871215
0.872214
0.873214
0.874213
0.875213
0.876212
0.877212
0.878211
0.879211
0.880210
0.881210
0.882209
0.883209
0.884208
0.885208
0.886207
0.887207
0.888206
0.889206
0.890205
0.891205
0.892204
0.893204
0.894203
0.895203
0.896202
0.897202
0.898201
0.899201
0.900200
0.901200
0.902199
0.903199
0.904198
0.905198
0.906197
0.907197
0.908196
0.909196
0.910195
0.911195
0.912194
0.913194
0.914193
0.915193
0.916192
0.917192
0.918191
0.919191
0.920190
0.921190
0.922189
0.923189
0.924188
0.925188
0.926187
0.927187
0.928186
0.929186
0.930185
0.931185
0.932184
0.933184
0.934183
0.935183
0.936182
0.937182
0.938181
0.939181
0.940180
0.941180
0.942179
0.943179
0.944178
0.945178
0.946177
0.947177
0.948176
0.949176
0.950175
0.951175
0.952174
0.953174
0.954173
0.955173
0.956172
0.957172
0.958171
0.959171
0.960170
0.961170
0.962169
0.963169
0.964168
0.965168
0.966167
0.967167
0.968166
0.969166
0.970165
0.971165
0.972164
0.973164
0.974163
0.975163
0.976162
0.977162
0.978161
0.979161
0.980160
0.981160
0.982159
0.983159
0.984158
0.985158
0.986157
0.987157
0.988156
0.989156
0.990155
0.991155
0.992154
0.993154
0.994153
0.995153
0.996152
0.997152
0.998151
0.999151
1.000150
1.001150
1.002149
1.003149
1.004148
1.005148
1.006147
1.007147
1.008146
1.009146
1.010145
1.011145
1.012144
1.013144
1.014143
1.015143
1.016142
1.017142
1.018141
1.019141
1.020140
1.021140
1.022139
1.023139
1.024138
1.025138
1.026137
1.027137
1.028136
1.029136
1.030135
1.031135
1.032134
1.033134
1.034133
1.035133
1.036132
1.037132
1.038131
1.039131
1.040130
1.041130
1.042129
1.043129
1.044128
1.045128
1.046127
1.047127
1.048126
1.049126
1.050125
1.051125
1.052124
1.053124
1.054123
1.055123
1.056122
1.057122
1.058121
1.059121
1.060120
1.061120
1.062119
1.063119
1.064118
1.065118
1.066117
1.067117
1.068116
1.069116
1.070115
1.071115
1.072114
1.073114
1.074113
1.075113
1.076112
1.077112
1.078111
1.079111
1.080110
1.081110
1.082109
1.083109
1.084108
1.085108
1.086107
1.087107
1.088106
1.089106
1.090105
1.091105
1.092104
1.093104
1.094103
1.095103
1.096102
1.097102
1.098101
1.099101
1.100100
1.101100
1.102099
1.103099
1.104098
1.105098
1.106097
1.107097
1.108096
1.109096
1.110095
1.111095
1.112094
1.113094
1.114093
1.115093
1.116092
1.117092
1.118091
1.119091
1.120090
1.121090
1.122089
1.123089
1.124088
1.125088
1.126087
1.127087
1.128086
1.129086
1.130085
1.131085
1.132084
1.133084
1.134083
1.135083
1.136082
1.137082
1.138081
1.139081
1.140080
1.141080
1.142079
1.143079
1.144078
1.145078
1.146077
1.147077
1.148076
1.149076
1.150075
1.151075
1.152074
1.153074
1.154073
1.155073
1.156072
1.157072
1.158071
1.159071
1.160070
1.161070
1.162069
1.163069
1.164068
1.165068
1.166067
1.167067
1.168066
1.169066
1.170065
1.171065
1.172064
1.173064
1.174063
1.175063
1.176062
1.177062
1.178061
1.179061
1.180060
1.181060
1.182059
1.183059
1.184058
1.185058
1.186057
1.187057
1.188056
1.189056
1.190055
1.191055
1.192054
1.193054
1.194053
1.195053
1.196052
1.197052
1.198051
1.199051
1.200050
1.201050
1.202049
1.203049
1.204048
1.205048
1.206047
1.207047
1.208046
1.209046
1.210045
1.211045
1.212044
1.213044
1.214043
1.215043
1.216042
1.217042
1.218041
1.219041
1.220040
1.221040
1.222039
1.223039
1.224038
1.225038
1.226037
1.227037
1.228036
1.229036
1.230035
1.231035
1.232034
1.233034
1.234033
1.235033
1.236032
1.237032
1.238031
1.239031
1.240030
1.241030
1.242029
1.243029
1.244028
1.245028
1.246027
1.247027
1.248026
1.249026
1.250025
1.251025
1.252024
1.253024
1.254023
1.255023
1.256022
1.257022
1.258021
1.259021
1.260020
1.261020
1.262019
1.263019
1.264018
1.265018
1.266017
1.267017
1.268016
1.269016
1.270015
1.271015
1.272014
1.273014
1.274013
1.275013
1.276012
1.277012
1.278011
1.279011
1.280010
1.281010
1.282009
1.283009
1.284008
1.285008
1.286007
1.287007
1.288006
1.289006
1.290005
1.291005
1.292004
1.293004
1.294003
1.295003
1.296002
1.297002
1.298001
1.299001
1.300000
1.301000
1.301999
1.302999
1.303998
1.304998
1.305997
1.306997
1.307996
1.308996
1.309995
1.310995
1.311994
1.312994
1.313993
1.314993
1.315992
1.316992
1.317991
1.318991
1.319990
1.320990
1.321989
1.322989
1.323988
1.324988
1.325987
1.326987
1.327986
1.328986
1.329985
1.330985
1.331984
1.332984
1.333983
1.334983
1.335982
1.336982
1.337981
1.338981
1.339980
1.340980
1.341979
1.342979
1.343978
1.344978
1.345977
1.346977
1.347976
1.348976
1.349975
1.350975
1.351974
1.352974
1.353973
1.354973
1.355972
1.356972
1.357971
1.358971
1.359970
1.360970
1.361969
1.362969
1.363968
1.364968
1.365967
1.366967
1.367966
1.368966
1.369965
1.370965
1.371964
1.372964
1.373963
1.374963
1.375962
1.376962
1.377961
1.378961
1.379960
1.380960
1.381959
1.382959
1.383958
1.384958
1.385957
1.386957
1.387956
1.388956
1.389955
1.390955
1.391954
1.392954
1.393953
1.394953
1.395952
1.396952
1.397951
1.398951
1.399950
1.400950
1.401949
1.402949
1.403948
1.404948
1.405947
1.406947
1.407946
1.408946
1.409945
1.410945
1.411944
1.412944
1.413943
1.414943
1.415942
1.416942
1.417941
1.418941
1.419940
1.420940
1.421939
1.422939
1.423938
1.424938
1.425937
1.426937
1.427936
1.428936
1.429935
1.430935
1.431934
1.432934
1.433933
1.434933
1.435932
1.436932
1.437931
1.438931
1.439930
1.440930
1.441929
1.442929
1.443928
1.444928
1.445927
1.446927
1.447926
1.448926
1.449925
1.450925
1.451924
1.452924
1.453923
1.454923
1.455922
1.456922
1.457921
1.458921
1.459920
1.460920
1.461919
1.462919
1.463918
1.464918
1.465917
1.466917
1.467916
1.468916
1.469915
1.470915
1.471914
1.472914
1.473913
1.474913
1.475912
1.476912
1.477911
1.478911
1.479910
1.480910
1.481909
1.482909
1.483908
1.484908
1.485907
1.486907
1.487906
1.488906
1.489905
1.490905
1.491904
1.492904
1.493903
1.494903
1.495902
1.496902
1.497901
1.498901
1.499900
