1.000000000000000000e+00
9.993720000000000381e-01
9.975260000000000238e-01
9.945169999999999844e-01
9.904020000000000046e-01
9.852330000000000254e-01
9.790619999999999878e-01
9.719419999999999726e-01
9.639219999999999455e-01
9.550499999999999545e-01
9.453749999999999654e-01
9.349420000000000508e-01
9.237980000000000080e-01
9.119859999999999634e-01
8.995490000000000430e-01
8.865309999999999580e-01
8.729700000000000237e-01
8.589069999999999760e-01
8.443810000000000482e-01
8.294300000000000006e-01
8.140889999999999516e-01
7.983959999999999946e-01
7.823830000000000506e-01
7.660850000000000160e-01
7.495340000000000336e-01
7.327620000000000244e-01
7.157989999999999631e-01
6.986750000000000460e-01
6.814189999999999969e-01
6.640580000000000371e-01
6.466180000000000261e-01
6.291269999999999918e-01
6.116089999999999582e-01
5.940879999999999495e-01
5.765860000000000429e-01
5.591270000000000406e-01
5.417319999999999913e-01
5.244220000000000548e-01
5.072160000000000002e-01
4.901329999999999854e-01
4.731909999999999727e-01
4.564079999999999804e-01
4.398009999999999975e-01
4.233839999999999826e-01
4.071739999999999804e-01
3.911839999999999762e-01
3.754279999999999839e-01
3.599189999999999889e-01
3.446690000000000031e-01
3.296890000000000098e-01
3.149899999999999922e-01
3.005809999999999871e-01
2.864729999999999777e-01
2.726740000000000275e-01
2.591910000000000047e-01
2.460330000000000017e-01
2.332059999999999966e-01
2.207149999999999945e-01
2.085680000000000034e-01
1.967679999999999985e-01
1.853190000000000115e-01
1.742259999999999920e-01
1.634919999999999984e-01
1.531190000000000051e-01
1.431089999999999862e-01
1.334639999999999993e-01
1.241850000000000037e-01
1.152719999999999995e-01
1.067250000000000004e-01
9.854300000000000559e-02
9.072600000000000109e-02
8.327199999999999880e-02
7.617899999999999672e-02
6.944300000000000472e-02
6.306299999999999406e-02
5.703500000000000236e-02
5.135399999999999687e-02
4.601700000000000235e-02
4.101699999999999791e-02
3.635100000000000137e-02
3.201199999999999879e-02
2.799300000000000052e-02
2.428900000000000156e-02
2.089099999999999985e-02
1.779199999999999879e-02
1.498400000000000079e-02
1.245800000000000032e-02
1.020399999999999953e-02
8.214000000000000815e-03
6.474999999999999853e-03
4.976999999999999653e-03
3.709000000000000057e-03
2.657000000000000074e-03
1.807999999999999928e-03
1.146000000000000100e-03
6.560000000000000076e-04
3.200000000000000262e-04
1.160000000000000007e-04
2.099999999999999884e-05
0.000000000000000000e+00
2.099999999999999884e-05
1.160000000000000007e-04
3.200000000000000262e-04
6.560000000000000076e-04
1.146000000000000100e-03
1.807999999999999928e-03
2.657000000000000074e-03
3.709000000000000057e-03
4.976999999999999653e-03
6.474999999999999853e-03
8.214000000000000815e-03
1.020399999999999953e-02
1.245800000000000032e-02
1.498400000000000079e-02
1.779199999999999879e-02
2.089099999999999985e-02
2.428900000000000156e-02
2.799300000000000052e-02
3.201199999999999879e-02
3.635100000000000137e-02
4.101699999999999791e-02
4.601700000000000235e-02
5.135399999999999687e-02
5.703500000000000236e-02
6.306299999999999406e-02
6.944300000000000472e-02
7.617899999999999672e-02
8.327199999999999880e-02
9.072600000000000109e-02
9.854300000000000559e-02
1.067250000000000004e-01
1.152719999999999995e-01
1.241850000000000037e-01
1.334639999999999993e-01
1.431089999999999862e-01
1.531190000000000051e-01
1.634919999999999984e-01
1.742259999999999920e-01
1.853190000000000115e-01
1.967679999999999985e-01
2.085680000000000034e-01
2.207149999999999945e-01
2.332059999999999966e-01
2.460330000000000017e-01
2.591910000000000047e-01
2.726740000000000275e-01
2.864729999999999777e-01
3.005809999999999871e-01
3.149899999999999922e-01
3.296890000000000098e-01
3.446690000000000031e-01
3.599189999999999889e-01
3.754279999999999839e-01
3.911839999999999762e-01
4.071739999999999804e-01
4.233839999999999826e-01
4.398009999999999975e-01
4.564079999999999804e-01
4.731909999999999727e-01
4.901329999999999854e-01
5.072160000000000002e-01
5.244220000000000548e-01
5.417319999999999913e-01
5.591270000000000406e-01
5.765860000000000429e-01
5.940879999999999495e-01
6.116089999999999582e-01
6.291269999999999918e-01
6.466180000000000261e-01
6.640580000000000371e-01
6.814189999999999969e-01
6.986750000000000460e-01
7.157989999999999631e-01
7.327620000000000244e-01
7.495340000000000336e-01
7.660850000000000160e-01
7.823830000000000506e-01
7.983959999999999946e-01
8.140889999999999516e-01
8.294300000000000006e-01
8.443810000000000482e-01
8.589069999999999760e-01
8.729700000000000237e-01
8.865309999999999580e-01
8.995490000000000430e-01
9.119859999999999634e-01
9.237980000000000080e-01
9.349420000000000508e-01
9.453749999999999654e-01
9.550499999999999545e-01
9.639219999999999455e-01
9.719419999999999726e-01
9.790619999999999878e-01
9.852330000000000254e-01
9.904020000000000046e-01
9.945169999999999844e-01
9.975260000000000238e-01
9.993720000000000381e-01
1.000000000000000000e+00
