2.491245567798614502e-01	1.134046241641044617e-01	-1.615769267082214355e-01	5.142204463481903076e-02	-3.407173156738281250e-01	2.595568597316741943e-01	-2.943114638328552246e-01	3.764363750815391541e-02	6.368775665760040283e-02	2.071246504783630371e-02	1.716918498277664185e-02	-1.191043108701705933e-01	1.052207127213478088e-01	1.438459903001785278e-01	1.171901524066925049e-01	4.897025227546691895e-02	-6.927773356437683105e-03	1.144196093082427979e-01	-1.436744630336761475e-01	1.020302027463912964e-01
1.417985409498214722e-01	7.154110670089721680e-01	-4.548330605030059814e-02	5.728129670023918152e-02	1.369786262512207031e-01	-1.245833486318588257e-01	1.100403815507888794e-02	1.408728063106536865e-01	1.266947239637374878e-01	-8.240722119808197021e-02	-1.424250751733779907e-01	1.331166923046112061e-01	-1.921978592872619629e-02	-7.210216671228408813e-02	2.867416441440582275e-01	-3.670359402894973755e-02	-6.567999720573425293e-02	-1.006852835416793823e-01	2.867516279220581055e-01	-1.153534129261970520e-01
2.068943232297897339e-01	2.672689557075500488e-01	-8.392626047134399414e-02	8.016322553157806396e-02	-2.127803564071655273e-01	2.477962821722030640e-01	-2.621341347694396973e-01	1.392592787742614746e-01	1.823251992464065552e-01	6.729922443628311157e-02	-1.054020151495933533e-01	1.243850216269493103e-03	9.816233068704605103e-02	6.994401663541793823e-02	1.339970082044601440e-01	3.986428678035736084e-02	-1.010490506887435913e-01	-2.564603090286254883e-02	-3.693252801895141602e-03	9.549100697040557861e-02
1.123596504330635071e-01	1.026157498359680176e+00	1.476625651121139526e-01	-2.141401469707489014e-01	4.276461899280548096e-01	-4.295153915882110596e-01	2.744832038879394531e-01	4.714958742260932922e-02	1.039346009492874146e-01	-3.191003501415252686e-01	-2.251970469951629639e-01	2.113960385322570801e-01	-2.707638740539550781e-01	-4.304822906851768494e-02	4.036676287651062012e-01	-1.877978146076202393e-01	1.183398962020874023e-01	-1.395576298236846924e-01	6.093391776084899902e-01	-2.604154050350189209e-01
1.760338395833969116e-01	7.005188465118408203e-01	-6.196609139442443848e-02	4.339030385017395020e-02	9.897156804800033569e-02	-1.780479103326797485e-01	-3.530051186680793762e-02	1.493146568536758423e-01	3.239043056964874268e-02	-9.138035774230957031e-02	-1.541847586631774902e-01	7.564284652471542358e-02	1.465655863285064697e-02	-1.142221391201019287e-01	2.846506237983703613e-01	-3.552895039319992065e-02	-7.004514336585998535e-02	-4.923403263092041016e-03	2.373126298189163208e-01	-1.238357797265052795e-01
2.219463586807250977e-01	4.962384402751922607e-01	-9.680218994617462158e-02	1.059675365686416626e-01	-8.852166682481765747e-02	2.684012288227677345e-03	-2.103028744459152222e-01	2.182953655719757080e-01	5.198089778423309326e-02	1.449203491210937500e-02	-1.961881816387176514e-01	2.314775437116622925e-02	7.247512787580490112e-02	-9.738884866237640381e-02	2.062978744506835938e-01	-8.924555033445358276e-03	-1.525607854127883911e-01	1.768825948238372803e-02	6.329333782196044922e-02	8.947513997554779053e-04
2.501657605171203613e-01	6.509963870048522949e-01	-9.353621304035186768e-02	8.598605170845985413e-03	-2.854026854038238525e-03	-2.704851925373077393e-01	-1.433119475841522217e-01	1.772152781486511230e-01	-1.493012160062789917e-01	-9.786407649517059326e-02	-1.629339307546615601e-01	-4.474571347236633301e-02	8.381006866693496704e-02	-1.948429793119430542e-01	2.731157541275024414e-01	-1.923839934170246124e-02	-8.857697993516921997e-02	1.781837046146392822e-01	1.245116144418716431e-01	-1.200528517365455627e-01
8.116587251424789429e-02	-7.584690302610397339e-02	9.042159467935562134e-02	-1.526178233325481415e-02	-1.876640319824218750e-01	5.896586179733276367e-01	-5.292426794767379761e-02	-3.016234934329986572e-01	3.911492228507995605e-01	2.341393008828163147e-02	3.225953280925750732e-01	-1.042603105306625366e-01	8.807598799467086792e-02	4.680961668491363525e-01	5.993802100419998169e-02	1.840992867946624756e-01	8.847907185554504395e-02	-1.108072400093078613e-01	1.160898059606552124e-01	5.409029126167297363e-02
4.256981611251831055e-02	2.452845275402069092e-01	2.663315087556838989e-02	1.083485558629035950e-01	-1.387938261032104492e-01	3.265944123268127441e-01	-1.102469265460968018e-01	-2.752452716231346130e-02	4.077047705650329590e-01	9.692209213972091675e-02	7.717044651508331299e-02	6.640850752592086792e-02	9.466104209423065186e-02	2.322886735200881958e-01	1.770509481430053711e-01	3.538438677787780762e-02	1.334077119827270508e-02	-2.563613653182983398e-01	1.393092721700668335e-01	7.502886652946472168e-02
9.514169394969940186e-02	7.806106805801391602e-01	9.135782718658447266e-03	-1.558005623519420624e-02	2.228137850761413574e-01	-1.761878281831741333e-01	1.215180456638336182e-01	4.120707139372825623e-02	1.052010804414749146e-01	-1.209739446640014648e-01	-9.159883111715316772e-02	1.550385057926177979e-01	-1.026055216789245605e-02	-1.510292664170265198e-02	3.225118219852447510e-01	-3.034392558038234711e-02	1.169511675834655762e-02	-8.655524253845214844e-02	3.706903457641601562e-01	-1.890189945697784424e-01
1.383002996444702148e-01	7.504924535751342773e-01	-2.558904886245727539e-02	1.627420820295810699e-02	1.701930165290832520e-01	-1.832233220338821411e-01	5.049152672290802002e-02	9.324015676975250244e-02	7.640679180622100830e-02	-1.138493120670318604e-01	-1.256892681121826172e-01	1.193738430738449097e-01	-2.381868660449981689e-03	-6.969235837459564209e-02	3.051589131355285645e-01	-3.703643381595611572e-02	-2.628183364868164062e-02	-5.256795883178710938e-02	3.174512982368469238e-01	-1.572697460651397705e-01
4.221967235207557678e-02	9.301930069923400879e-01	4.908048361539840698e-02	-1.571928858757019043e-01	3.483141660690307617e-01	-2.868828177452087402e-01	2.683956027030944824e-01	3.702179715037345886e-02	8.348567783832550049e-02	-1.653291434049606323e-01	-1.010345667600631714e-01	1.923226863145828247e-01	-9.066008776426315308e-02	2.461012639105319977e-02	3.453138172626495361e-01	-9.114671498537063599e-02	4.684463143348693848e-02	-8.855523169040679932e-02	5.069505572319030762e-01	-3.162635564804077148e-01
-6.802485138177871704e-02	4.448712170124053955e-01	1.785804778337478638e-01	8.342795073986053467e-02	1.051043495535850525e-01	-8.972338400781154633e-03	1.080051213502883911e-01	-2.564108669757843018e-01	2.299279123544692993e-01	1.068822741508483887e-01	1.196018382906913757e-01	9.254749864339828491e-02	2.135094106197357178e-01	2.809939384460449219e-01	3.027629852294921875e-01	-9.207437932491302490e-02	6.398734450340270996e-02	-1.715355813503265381e-01	2.878239750862121582e-01	-1.292863190174102783e-01
2.455670386552810669e-01	2.200705707073211670e-01	-1.268048584461212158e-01	7.159513235092163086e-02	-2.727831900119781494e-01	1.949846595525741577e-01	-2.920399308204650879e-01	1.088314503431320190e-01	5.902583897113800049e-02	4.276348650455474854e-02	-8.136844635009765625e-02	-7.146996259689331055e-02	1.191173940896987915e-01	6.532886624336242676e-02	1.294321268796920776e-01	2.855288796126842499e-02	-7.463455200195312500e-02	9.642922878265380859e-02	-8.462536334991455078e-02	8.455628156661987305e-02
5.023671686649322510e-02	1.300922185182571411e-01	-4.060149192810058594e-03	8.699737489223480225e-02	-2.220977246761322021e-01	4.133528769016265869e-01	-1.239844560623168945e-01	-7.211446017026901245e-02	4.061627388000488281e-01	8.299849182367324829e-02	1.573745608329772949e-01	2.285468578338623047e-02	8.485379070043563843e-02	2.946752011775970459e-01	1.572291851043701172e-01	6.109869480133056641e-02	7.385498285293579102e-02	-2.390277236700057983e-01	8.264918625354766846e-02	9.557010233402252197e-02
1.323933005332946777e-01	4.366309046745300293e-01	-4.906763136386871338e-02	1.347797662019729614e-01	-7.121232897043228149e-02	1.509554684162139893e-01	-1.593486666679382324e-01	1.448884457349777222e-01	2.560995817184448242e-01	4.647419229149818420e-02	-1.106911227107048035e-01	9.301385283470153809e-02	5.731668323278427124e-02	2.778455801308155060e-02	2.091260850429534912e-01	7.383672520518302917e-03	-9.766319394111633301e-02	-1.561134904623031616e-01	1.344635337591171265e-01	2.961922809481620789e-02
-7.694930583238601685e-02	5.307081341743469238e-01	1.602520346641540527e-01	6.155019253492355347e-02	1.657302379608154297e-01	-2.495606616139411926e-02	1.619259864091873169e-01	-2.331973910331726074e-01	2.544849514961242676e-01	5.285436287522315979e-02	9.712453931570053101e-02	1.439272314310073853e-01	1.631176173686981201e-01	2.728593647480010986e-01	3.197870254516601562e-01	-8.624954521656036377e-02	8.860453963279724121e-02	-1.976142227649688721e-01	3.702657818794250488e-01	-1.687445044517517090e-01
1.386053562164306641e-01	3.212990462779998779e-01	-4.053997993469238281e-02	1.072973608970642090e-01	-1.411604434251785278e-01	2.892260551452636719e-01	-2.029710114002227783e-01	1.376250982284545898e-01	3.231072425842285156e-01	8.216938376426696777e-02	-9.075342118740081787e-02	8.384317159652709961e-02	6.871071457862854004e-02	9.670186042785644531e-02	1.621474027633666992e-01	4.259134829044342041e-02	-9.622547030448913574e-02	-1.747994422912597656e-01	9.126238524913787842e-02	9.064425528049468994e-02
3.803862035274505615e-01	1.476044654846191406e-01	-2.105112075805664062e-01	-4.758008196949958801e-02	-4.018398225307464600e-01	-9.582628309726715088e-02	-3.638135790824890137e-01	8.488129824399948120e-03	-4.305391311645507812e-01	-7.091467082500457764e-02	-6.006378680467605591e-02	-2.908248305320739746e-01	2.415532469749450684e-01	9.840819984674453735e-03	1.380337625741958618e-01	7.332055829465389252e-03	1.580551266670227051e-03	5.626416206359863281e-01	-3.107211589813232422e-01	-1.305869221687316895e-02
1.336878240108489990e-01	2.141858637332916260e-02	1.402543485164642334e-02	-5.372851155698299408e-03	-2.442826330661773682e-01	5.133973956108093262e-01	-1.737926304340362549e-01	-1.021145433187484741e-01	3.915560841560363770e-01	4.893468320369720459e-02	1.427089124917984009e-01	-4.728852212429046631e-02	9.531652927398681641e-02	3.295135200023651123e-01	7.037838548421859741e-02	1.250822544097900391e-01	4.398402571678161621e-02	-1.265309453010559082e-01	7.892708480358123779e-02	1.180092841386795044e-01
3.735382556915283203e-01	-6.345786899328231812e-02	-2.126093804836273193e-01	-6.724677234888076782e-02	-4.344642758369445801e-01	2.479949742555618286e-01	-3.423467278480529785e-01	-5.711547657847404480e-02	-1.830580532550811768e-01	-4.727691039443016052e-02	6.321552395820617676e-02	-2.970460951328277588e-01	1.081173568964004517e-01	2.267205864191055298e-01	3.498266637325286865e-02	6.665242463350296021e-02	2.268823981285095215e-02	4.425184428691864014e-01	-3.459386229515075684e-01	9.333825111389160156e-02
3.441375680267810822e-03	5.411182641983032227e-01	5.537156760692596436e-02	1.027176901698112488e-01	1.069956943392753601e-01	2.227356843650341034e-02	8.777092397212982178e-02	-1.216504424810409546e-01	2.898592352867126465e-01	-1.841196045279502869e-02	5.568777397274971008e-02	1.618111282587051392e-01	7.871282845735549927e-02	1.667088717222213745e-01	3.043284416198730469e-01	-4.020180553197860718e-02	6.996902823448181152e-02	-2.405429929494857788e-01	3.349090814590454102e-01	-1.101968511939048767e-01
3.201246857643127441e-01	1.681316196918487549e-01	-1.790342926979064941e-01	1.978114806115627289e-02	-3.470952212810516357e-01	7.694694399833679199e-02	-3.274254798889160156e-01	5.671196058392524719e-02	-1.721095591783523560e-01	-1.365226879715919495e-02	-6.440614163875579834e-02	-1.896711289882659912e-01	1.699345260858535767e-01	4.748791456222534180e-02	1.232245266437530518e-01	1.761833205819129944e-02	-3.196223080158233643e-02	3.220324218273162842e-01	-2.086563706398010254e-01	5.328917130827903748e-02
1.690499186515808105e-01	3.718554973602294922e-02	-7.611952722072601318e-02	1.991254836320877075e-02	-2.995428442955017090e-01	4.631052017211914062e-01	-2.237283885478973389e-01	-4.041316360235214233e-02	3.276537656784057617e-01	4.084628820419311523e-02	1.190148442983627319e-01	-5.294144898653030396e-02	7.353848963975906372e-02	2.786581814289093018e-01	8.966244757175445557e-02	1.066261455416679382e-01	3.999799489974975586e-02	-9.275910258293151855e-02	-1.649889349937438965e-02	1.345244348049163818e-01
2.331173419952392578e-01	-2.322612702846527100e-01	9.779483824968338013e-02	-1.189186796545982361e-01	-1.612256765365600586e-01	6.038058400154113770e-01	-7.806484401226043701e-02	-3.885868191719055176e-01	2.751871347427368164e-01	-2.850007638335227966e-02	3.070357739925384521e-01	-3.211150169372558594e-01	1.182037219405174255e-01	5.105867981910705566e-01	-8.805822581052780151e-02	2.302817702293395996e-01	-6.213930249214172363e-02	1.737577915191650391e-01	5.732277035713195801e-02	2.550718374550342560e-02
1.928242444992065430e-01	7.332780957221984863e-01	-6.170298159122467041e-02	8.463436737656593323e-03	1.135323122143745422e-01	-2.293263673782348633e-01	-3.146509081125259399e-02	1.542560458183288574e-01	-1.990874111652374268e-02	-1.122109293937683105e-01	-1.647964566946029663e-01	5.931568145751953125e-02	1.049587875604629517e-02	-1.426408141851425171e-01	2.912790179252624512e-01	-3.481078147888183594e-02	-6.803102791309356689e-02	4.315705597400665283e-02	2.392098158597946167e-01	-1.462782621383666992e-01
1.658818572759628296e-01	2.698134481906890869e-01	-7.099190354347229004e-02	1.021871864795684814e-01	-1.919189989566802979e-01	3.068082630634307861e-01	-2.372218072414398193e-01	1.388344466686248779e-01	2.854682207107543945e-01	8.049255609512329102e-02	-8.121848106384277344e-02	4.996486008167266846e-02	7.353071868419647217e-02	1.022741347551345825e-01	1.454354077577590942e-01	5.009563267230987549e-02	-9.279104322195053101e-02	-1.280541718006134033e-01	3.676407039165496826e-02	1.064991429448127747e-01
2.899401187896728516e-01	5.854644179344177246e-01	-1.088680922985076904e-01	-1.475413329899311066e-02	-8.418010175228118896e-02	-3.081819713115692139e-01	-2.010147869586944580e-01	1.541649401187896729e-01	-2.591632008552551270e-01	-1.005528420209884644e-01	-1.420121639966964722e-01	-1.244062185287475586e-01	1.485325098037719727e-01	-2.095165699720382690e-01	2.620109915733337402e-01	-3.569403197616338730e-03	-7.851346582174301147e-02	2.907187342643737793e-01	4.674021899700164795e-02	-1.154176965355873108e-01
3.390665352344512939e-01	8.862725645303726196e-02	-1.942068338394165039e-01	-1.451390609145164490e-02	-3.980284631252288818e-01	1.267108619213104248e-01	-3.445014357566833496e-01	1.802070811390876770e-02	-1.901192069053649902e-01	-2.196491882205009460e-02	-3.124127909541130066e-02	-2.293598204851150513e-01	1.692379415035247803e-01	9.814944863319396973e-02	9.625591337680816650e-02	2.986130304634571075e-02	-2.499252557754516602e-03	3.708685338497161865e-01	-2.632383108139038086e-01	7.333649694919586182e-02
1.999931484460830688e-01	2.584995329380035400e-01	-7.808876037597656250e-02	7.813651859760284424e-02	-2.132534980773925781e-01	2.688269019126892090e-01	-2.589224874973297119e-01	1.341379731893539429e-01	2.056777030229568481e-01	7.056367397308349609e-02	-9.744543582201004028e-02	8.366618305444717407e-03	9.655787050724029541e-02	8.206926286220550537e-02	1.317435652017593384e-01	4.583045840263366699e-02	-9.602580964565277100e-02	-4.368053749203681946e-02	4.358798265457153320e-03	1.005800962448120117e-01
2.374440431594848633e-01	1.422420591115951538e-01	-1.241683065891265869e-01	4.619056731462478638e-02	-3.057300448417663574e-01	2.867600917816162109e-01	-2.878386974334716797e-01	6.402790546417236328e-02	1.230767220258712769e-01	4.355274885892868042e-02	-1.984854042530059814e-02	-8.129346370697021484e-02	1.093260645866394043e-01	1.337718516588211060e-01	1.081668585538864136e-01	5.608385056257247925e-02	-3.687439858913421631e-02	6.201070547103881836e-02	-9.289417415857315063e-02	1.120582148432731628e-01
1.207850575447082520e-01	5.738448500633239746e-01	-2.906152606010437012e-02	1.139643415808677673e-01	4.570085555315017700e-02	9.479721076786518097e-03	-5.360333248972892761e-02	1.063533127307891846e-01	2.028325051069259644e-01	-1.412039622664451599e-02	-1.163669377565383911e-01	1.198877915740013123e-01	3.825186192989349365e-02	-3.930279053747653961e-03	2.505584359169006348e-01	-2.336396649479866028e-02	-6.829890608787536621e-02	-1.419683098793029785e-01	2.336318343877792358e-01	-4.945238679647445679e-02
1.916044503450393677e-01	6.775546669960021973e-01	-7.232201099395751953e-02	6.326114386320114136e-02	6.945776194334030151e-02	-1.483820974826812744e-01	-7.872498780488967896e-02	1.917456686496734619e-01	3.954876959323883057e-02	-6.512558460235595703e-02	-1.827501505613327026e-01	7.027925550937652588e-02	1.590119302272796631e-02	-1.284542530775070190e-01	2.648363113403320312e-01	-3.386461734771728516e-02	-1.092095673084259033e-01	-4.654638469219207764e-03	2.093721479177474976e-01	-9.223044663667678833e-02
3.257260918617248535e-01	-4.690226912498474121e-01	6.418104767799377441e-01	4.720348417758941650e-01	5.117423832416534424e-03	1.196347177028656006e-01	8.516399562358856201e-02	-7.409459352493286133e-02	1.198035925626754761e-01	4.027476608753204346e-01	-2.254202961921691895e-02	-9.264274835586547852e-01	4.947001636028289795e-01	3.534631431102752686e-01	4.676951095461845398e-02	-1.280540227890014648e-01	1.290348172187805176e-02	4.838068187236785889e-01	1.454937577247619629e+00	-1.067045554518699646e-01
1.117447912693023682e-01	9.744507670402526855e-01	7.283180952072143555e-03	-2.003877907991409302e-01	3.238025009632110596e-01	-3.511549532413482666e-01	2.016372829675674438e-01	1.261211037635803223e-01	6.892159581184387207e-03	-2.080021351575851440e-01	-1.465152651071548462e-01	1.659435480833053589e-01	-1.486495137214660645e-01	-6.648430228233337402e-02	3.441251814365386963e-01	-8.919124305248260498e-02	2.234452962875366211e-02	-1.251873373985290527e-02	4.679002165794372559e-01	-3.024129569530487061e-01
1.147730574011802673e-01	4.664220809936523438e-01	-3.631399571895599365e-02	1.418560594320297241e-01	-3.607916086912155151e-02	1.370052397251129150e-01	-1.265904307365417480e-01	1.320714652538299561e-01	2.771813869476318359e-01	4.101093113422393799e-02	-1.076753810048103333e-01	1.135636568069458008e-01	4.638241231441497803e-02	3.513934090733528137e-02	2.193880826234817505e-01	-1.808809116482734680e-03	-9.175004065036773682e-02	-1.841708570718765259e-01	1.685453504323959351e-01	1.693588495254516602e-02
2.333736419677734375e-01	2.529042363166809082e-01	-1.093358397483825684e-01	7.676158845424652100e-02	-2.432263195514678955e-01	1.967851817607879639e-01	-2.807989418506622314e-01	1.263907998800277710e-01	9.200976788997650146e-02	5.123825743794441223e-02	-1.013661250472068787e-01	-4.295550286769866943e-02	1.147026792168617249e-01	5.314556136727333069e-02	1.341345608234405518e-01	2.893721126019954681e-02	-9.062494337558746338e-02	5.845731496810913086e-02	-4.959635436534881592e-02	8.226481825113296509e-02
-5.101674050092697144e-02	5.733940005302429199e-01	1.209759265184402466e-01	6.576278060674667358e-02	1.751994490623474121e-01	-1.619026251137256622e-02	1.704317182302474976e-01	-1.985485851764678955e-01	2.634685635566711426e-01	-1.999251544475555420e-03	8.062990754842758179e-02	1.740858852863311768e-01	1.182200014591217041e-01	2.343812435865402222e-01	3.260889351367950439e-01	-5.983140319585800171e-02	1.029822081327438354e-01	-2.201997488737106323e-01	3.992375135421752930e-01	-1.698841154575347900e-01
2.284340932965278625e-02	4.701066613197326660e-01	2.596753835678100586e-02	1.433664113283157349e-01	3.134475648403167725e-02	1.019709035754203796e-01	9.098701179027557373e-03	-5.664989352226257324e-02	3.364139199256896973e-01	2.224739082157611847e-02	3.866462409496307373e-02	1.412254720926284790e-01	7.080778479576110840e-02	1.516253501176834106e-01	2.695698142051696777e-01	-2.618150040507316589e-02	2.182990312576293945e-02	-2.680224180221557617e-01	2.621167302131652832e-01	-4.201168566942214966e-02
7.366078346967697144e-02	3.129524737596511841e-02	4.263637959957122803e-02	2.304795570671558380e-02	-2.304351031780242920e-01	5.209813117980957031e-01	-1.274819672107696533e-01	-1.389163881540298462e-01	4.280083775520324707e-01	5.925450474023818970e-02	1.870455890893936157e-01	-2.539104036986827850e-02	9.618940949440002441e-02	3.609632551670074463e-01	9.782467782497406006e-02	1.090829297900199890e-01	9.181196987628936768e-02	-1.836514472961425781e-01	1.213781684637069702e-01	9.962728619575500488e-02
1.685105711221694946e-01	6.205443739891052246e-01	-6.024873256683349609e-02	8.799811452627182007e-02	4.344896227121353149e-02	-7.902307063341140747e-02	-8.444393426179885864e-02	1.635162681341171265e-01	9.350155293941497803e-02	-3.965130075812339783e-02	-1.618827581405639648e-01	8.161572366952896118e-02	3.389527276158332825e-02	-8.430811762809753418e-02	2.550085186958312988e-01	-2.832305245101451874e-02	-9.825980663299560547e-02	-4.821132123470306396e-02	1.994634121656417847e-01	-7.104767113924026489e-02
1.532497406005859375e-01	1.039342999458312988e+00	9.400399029254913330e-02	-2.317051738500595093e-01	4.065927863121032715e-01	-4.314600229263305664e-01	2.489202767610549927e-01	6.842994689941406250e-02	9.378026425838470459e-02	-2.998303174972534180e-01	-1.983675509691238403e-01	2.296345084905624390e-01	-2.958712279796600342e-01	-5.023009702563285828e-02	3.766393661499023438e-01	-2.069731354713439941e-01	9.029825031757354736e-02	-1.413770020008087158e-01	5.936796069145202637e-01	-2.610942423343658447e-01
2.178419008851051331e-02	4.262957274913787842e-01	2.641940116882324219e-02	1.468035280704498291e-01	-4.888020455837249756e-03	1.435007750988006592e-01	-2.183677256107330322e-02	-4.757549986243247986e-02	3.557003140449523926e-01	4.579745605587959290e-02	4.695000126957893372e-02	1.272128969430923462e-01	7.708093523979187012e-02	1.638394892215728760e-01	2.555730342864990234e-01	-1.987895555794239044e-02	1.429975032806396484e-02	-2.719674110412597656e-01	2.309133559465408325e-01	-1.545938104391098022e-02
8.322074264287948608e-02	-2.947375178337097168e-01	3.116800189018249512e-01	-1.139198616147041321e-01	-1.275368034839630127e-03	7.103438973426818848e-01	2.088960558176040649e-01	-5.325173735618591309e-01	5.444567203521728516e-01	6.843654811382293701e-02	5.753695368766784668e-01	-4.761416912078857422e-01	1.950668096542358398e-01	6.647579669952392578e-01	-9.931036084890365601e-02	2.310017943382263184e-01	-5.549535155296325684e-02	2.082701027393341064e-02	3.884461522102355957e-01	-7.445508986711502075e-02
2.463004887104034424e-01	3.293557167053222656e-01	-1.223350167274475098e-01	8.991563320159912109e-02	-2.130050659179687500e-01	8.129321783781051636e-02	-2.718603014945983887e-01	1.475434452295303345e-01	5.729690194129943848e-03	2.947978861629962921e-02	-1.298709660768508911e-01	-5.494146049022674561e-02	1.219582855701446533e-01	-1.362351886928081512e-02	1.645548939704895020e-01	6.051121279597282410e-03	-1.056158691644668579e-01	1.080064773559570312e-01	-4.549923539161682129e-02	4.210032522678375244e-02
2.184559106826782227e-01	4.141581058502197266e-01	-1.040628254413604736e-01	1.140894889831542969e-01	-1.424648612737655640e-01	8.360373228788375854e-02	-2.417653948068618774e-01	2.053463459014892578e-01	8.652003109455108643e-02	3.956918790936470032e-02	-1.731617003679275513e-01	1.368365529924631119e-02	8.093172311782836914e-02	-4.678051173686981201e-02	1.848287731409072876e-01	1.781480386853218079e-05	-1.429692804813385010e-01	9.012632071971893311e-03	1.906333863735198975e-02	3.825541585683822632e-02
1.051203310489654541e-01	1.189433097839355469e+00	1.072740554809570312e-02	-1.705382168292999268e-01	3.892688453197479248e-01	-4.520396590232849121e-01	5.372262001037597656e-01	-2.166126221418380737e-01	-1.366128772497177124e-01	-9.459225833415985107e-02	-2.770268321037292480e-01	4.535396099090576172e-01	-5.266331434249877930e-01	-1.574470847845077515e-01	5.996387600898742676e-01	1.095192432403564453e-01	-5.395024269819259644e-02	2.059118151664733887e-01	7.075103521347045898e-01	-1.922490000724792480e-01
-1.758553534746170044e-01	2.807818353176116943e-01	2.751198410987854004e-01	1.061923243105411530e-02	1.137377321720123291e-02	9.113284945487976074e-02	1.031176298856735229e-01	-3.816131353378295898e-01	2.298774570226669312e-01	2.064632773399353027e-01	3.267811834812164307e-01	3.327610343694686890e-02	3.398393094539642334e-01	4.012874662876129150e-01	3.171132206916809082e-01	-2.430077828466892242e-02	1.565388143062591553e-01	-1.754919886589050293e-01	2.443298548460006714e-01	-1.483305394649505615e-01
3.319096565246582031e-02	6.138154864311218262e-01	3.850459307432174683e-02	8.161055296659469604e-02	1.447169780731201172e-01	-1.635303348302841187e-02	9.815005958080291748e-02	-5.473496764898300171e-02	2.706230282783508301e-01	-4.276118054986000061e-02	-5.806228145956993103e-04	1.745129376649856567e-01	4.074070230126380920e-02	1.105533242225646973e-01	3.001142144203186035e-01	-3.527313470840454102e-02	3.484714031219482422e-02	-2.321145832538604736e-01	3.496250510215759277e-01	-1.148945167660713196e-01
2.223990857601165771e-02	2.486120462417602539e-01	5.573589354753494263e-02	1.172228232026100159e-01	-1.147855669260025024e-01	2.636299729347229004e-01	-7.014845311641693115e-02	-9.596863389015197754e-02	3.638177514076232910e-01	1.067628860473632812e-01	1.150423660874366760e-01	4.658909514546394348e-02	1.243788450956344604e-01	2.538971900939941406e-01	1.998130977153778076e-01	2.161383628845214844e-03	3.436115384101867676e-02	-2.352670878171920776e-01	1.415443271398544312e-01	4.628080502152442932e-02
2.495645880699157715e-01	5.155580490827560425e-02	-1.163257658481597900e-01	-1.874968176707625389e-03	-3.419330120086669922e-01	3.589912652969360352e-01	-2.904991209506988525e-01	2.546820789575576782e-03	1.443555206060409546e-01	3.241032734513282776e-02	3.606882318854331970e-02	-1.247189790010452271e-01	1.133156865835189819e-01	2.012304812669754028e-01	7.292723655700683594e-02	8.310534060001373291e-02	4.969686269760131836e-04	8.677169680595397949e-02	-1.092308461666107178e-01	1.322885453701019287e-01
4.078699350357055664e-01	7.309992313385009766e-01	-8.417287468910217285e-02	-3.509061634540557861e-01	-1.130808591842651367e-01	-6.340675354003906250e-01	-1.863799989223480225e-01	2.225414216518402100e-01	-6.570695638656616211e-01	-2.611725628376007080e-01	-1.038828939199447632e-01	-2.716735303401947021e-01	1.551894843578338623e-01	-3.850068747997283936e-01	3.156239390373229980e-01	1.146733984351158142e-01	4.492381215095520020e-02	6.196056604385375977e-01	1.034537106752395630e-01	-2.653819620609283447e-01
1.557009518146514893e-01	4.789526760578155518e-01	-5.776455998420715332e-02	1.280941367149353027e-01	-5.308400094509124756e-02	9.798559546470642090e-02	-1.609780341386795044e-01	1.740524470806121826e-01	2.031749039888381958e-01	3.357767313718795776e-02	-1.509356796741485596e-01	8.627647161483764648e-02	5.198518559336662292e-02	-1.536404900252819061e-02	2.107183039188385010e-01	-2.562301233410835266e-03	-1.210608929395675659e-01	-1.154166758060455322e-01	1.328059583902359009e-01	1.531033962965011597e-02
4.336085543036460876e-02	-5.258191376924514771e-02	1.009248197078704834e-01	1.155479438602924347e-02	-2.012204527854919434e-01	5.426250100135803223e-01	-3.076531738042831421e-02	-3.079024553298950195e-01	3.667595982551574707e-01	5.681506171822547913e-02	3.362051248550415039e-01	-9.462898969650268555e-02	1.159626170992851257e-01	4.671127200126647949e-01	9.313675016164779663e-02	1.508214473724365234e-01	1.185203194618225098e-01	-1.318584680557250977e-01	1.004233807325363159e-01	5.051526054739952087e-02
6.003960222005844116e-02	1.104966104030609131e-01	-5.288228392601013184e-03	6.976561993360519409e-02	-2.351999878883361816e-01	4.483059644699096680e-01	-1.399192512035369873e-01	-6.286092102527618408e-02	4.225168228149414062e-01	7.979125529527664185e-02	1.517883837223052979e-01	2.029616944491863251e-02	8.383982628583908081e-02	2.988396883010864258e-01	1.423976421356201172e-01	7.757153362035751343e-02	7.415793836116790771e-02	-2.373695075511932373e-01	8.680693805217742920e-02	1.056569218635559082e-01
5.020470619201660156e-01	-1.460354626178741455e-01	-2.706516385078430176e-01	-3.016453795135021210e-02	-4.567430913448333740e-01	8.573139458894729614e-02	-4.203925728797912598e-01	1.025075316429138184e-01	-4.433139562606811523e-01	-4.801950976252555847e-02	-2.860437706112861633e-02	-4.493294954299926758e-01	9.120507538318634033e-02	2.199789136648178101e-01	-1.709494739770889282e-02	-2.970738522708415985e-02	7.469356060028076172e-03	7.958166599273681641e-01	-5.368369817733764648e-01	7.189699262380599976e-02
3.202037215232849121e-01	5.232639908790588379e-01	-1.297526359558105469e-01	-3.079930692911148071e-02	-1.464516818523406982e-01	-3.318478167057037354e-01	-2.369156926870346069e-01	1.288364976644515991e-01	-3.569335341453552246e-01	-1.087717413902282715e-01	-1.309938877820968628e-01	-1.740573346614837646e-01	1.885166466236114502e-01	-2.028034478425979614e-01	2.510506510734558105e-01	-1.747777918353676796e-03	-6.310155242681503296e-02	3.888747394084930420e-01	-3.005568683147430420e-02	-1.174779459834098816e-01
-1.914538294076919556e-01	5.156012773513793945e-01	2.157153189182281494e-01	1.104098930954933167e-02	1.880289614200592041e-01	-8.169701695442199707e-02	2.047711461782455444e-01	-3.148377537727355957e-01	2.064260095357894897e-01	1.011088043451309204e-01	1.606597006320953369e-01	1.271615326404571533e-01	2.074207067489624023e-01	3.744434118270874023e-01	3.583095073699951172e-01	-1.600591242313385010e-01	1.582415401935577393e-01	-1.163810491561889648e-01	3.881975412368774414e-01	-2.780081331729888916e-01
1.289746016263961792e-01	8.414836525917053223e-01	-3.729313611984252930e-03	-6.822188198566436768e-02	2.411229908466339111e-01	-2.471747100353240967e-01	1.102258116006851196e-01	9.040190279483795166e-02	3.373877704143524170e-02	-1.525314003229141235e-01	-1.302728056907653809e-01	1.375610083341598511e-01	-3.940726071596145630e-02	-7.095421850681304932e-02	3.266326785087585449e-01	-3.544070571660995483e-02	-1.426622271537780762e-03	-1.745289564132690430e-02	3.753623366355895996e-01	-2.160394489765167236e-01
7.415656000375747681e-02	5.674991607666015625e-01	-1.039755344390869141e-02	1.219895258545875549e-01	6.797885149717330933e-02	1.823035441339015961e-02	4.532337188720703125e-03	3.143484517931938171e-02	2.510468363761901855e-01	-2.359594032168388367e-02	-4.477361217141151428e-02	1.394113451242446899e-01	3.794306516647338867e-02	5.713691934943199158e-02	2.744828462600708008e-01	-2.824760600924491882e-02	-1.019847393035888672e-02	-1.965194642543792725e-01	2.703813910484313965e-01	-6.693661957979202271e-02
3.293154388666152954e-02	7.825043797492980957e-01	5.559667944908142090e-02	-4.219900071620941162e-02	2.611360847949981689e-01	-1.656854450702667236e-01	1.908596605062484741e-01	-2.823596820235252380e-02	1.422934681177139282e-01	-1.061255186796188354e-01	-4.806402698159217834e-02	1.738275885581970215e-01	1.058851927518844604e-02	6.729513406753540039e-02	3.340949416160583496e-01	-4.017710685729980469e-02	4.940196871757507324e-02	-1.173084378242492676e-01	4.284091591835021973e-01	-2.278479933738708496e-01
2.303338646888732910e-01	9.360579401254653931e-02	-1.236245334148406982e-01	3.248712420463562012e-02	-3.255944848060607910e-01	3.409043550491333008e-01	-2.827569246292114258e-01	3.329718485474586487e-02	1.628674119710922241e-01	4.053496569395065308e-02	2.241852879524230957e-02	-8.994749188423156738e-02	1.011679396033287048e-01	1.770576685667037964e-01	9.678912162780761719e-02	7.097420841455459595e-02	-7.775425910949707031e-03	4.179556667804718018e-02	-9.479287266731262207e-02	1.259505450725555420e-01
-3.258396387100219727e-01	6.202445030212402344e-01	1.215333938598632812e-01	-1.502503156661987305e-01	2.212336361408233643e-01	-5.549052357673645020e-01	1.097469627857208252e-01	-1.780738234519958496e-01	-2.077307403087615967e-01	-2.738942801952362061e-01	-1.507513076066970825e-01	3.626461327075958252e-02	-3.213869929313659668e-01	1.930464655160903931e-01	7.449397444725036621e-01	-2.248109579086303711e-01	3.018572926521301270e-01	3.458693325519561768e-01	-3.476741909980773926e-01	-3.598821163177490234e-01
2.444467544555664062e-01	5.313482284545898438e-01	-1.061591506004333496e-01	8.276317268610000610e-02	-8.318517357110977173e-02	-9.220689535140991211e-02	-2.101512849330902100e-01	2.134867012500762939e-01	-4.070110619068145752e-02	-1.553754508495330811e-02	-1.980898231267929077e-01	-1.437594555318355560e-02	8.909308165311813354e-02	-1.400095820426940918e-01	2.206162512302398682e-01	-1.789029128849506378e-02	-1.440607756376266479e-01	9.681834280490875244e-02	5.629323422908782959e-02	-3.273884207010269165e-02
1.030503064393997192e-01	5.621626973152160645e-01	-2.177658677101135254e-02	1.200096607208251953e-01	4.681874066591262817e-02	2.045208215713500977e-02	-3.785023838281631470e-02	7.733386754989624023e-02	2.236695140600204468e-01	-1.369648799300193787e-02	-8.810158073902130127e-02	1.247643977403640747e-01	4.114797711372375488e-02	2.172854728996753693e-02	2.572467327117919922e-01	-2.438070997595787048e-02	-4.667096585035324097e-02	-1.621748507022857666e-01	2.422661036252975464e-01	-5.164918303489685059e-02
1.374080628156661987e-01	9.297784566879272461e-01	-8.418723940849304199e-03	-1.598367244005203247e-01	2.810436189174652100e-01	-3.255362808704376221e-01	1.423740237951278687e-01	1.389156728982925415e-01	-8.259743452072143555e-03	-1.938588768243789673e-01	-1.538768559694290161e-01	1.425717473030090332e-01	-1.168406233191490173e-01	-9.275605529546737671e-02	3.374218046665191650e-01	-6.283416599035263062e-02	3.088489174842834473e-04	1.331047713756561279e-02	4.108740091323852539e-01	-2.629795670509338379e-01
6.854991912841796875e-01	-4.862107634544372559e-01	8.710354566574096680e-03	1.792663335800170898e-02	-2.615654170513153076e-01	5.761735141277313232e-02	-1.542714387178421021e-01	-3.473582267761230469e-01	-3.343648910522460938e-01	1.422170549631118774e-02	1.327206492424011230e-01	-1.239919900894165039e+00	4.436387121677398682e-01	2.833246588706970215e-01	-2.488974183797836304e-01	-4.505400359630584717e-02	-7.264861464500427246e-02	1.209527850151062012e+00	1.400552541017532349e-01	-1.073422804474830627e-01
5.022386088967323303e-02	8.733674287796020508e-01	4.474370926618576050e-02	-1.128017678856849670e-01	3.069003522396087646e-01	-2.407727241516113281e-01	2.253932207822799683e-01	2.838680520653724670e-02	8.490954339504241943e-02	-1.432753652334213257e-01	-9.178536385297775269e-02	1.775766164064407349e-01	-4.681832343339920044e-02	2.236668951809406281e-02	3.412873148918151855e-01	-6.020009517669677734e-02	3.946898877620697021e-02	-7.981620728969573975e-02	4.605848193168640137e-01	-2.799370586872100830e-01
2.372108250856399536e-01	2.132340818643569946e-01	-1.174645721912384033e-01	6.827735900878906250e-02	-2.693579494953155518e-01	2.187156528234481812e-01	-2.866260409355163574e-01	1.026830375194549561e-01	8.879972994327545166e-02	4.695785418152809143e-02	-7.282282412052154541e-02	-6.238825619220733643e-02	1.167885661125183105e-01	7.833125442266464233e-02	1.264167129993438721e-01	3.548341244459152222e-02	-7.022328674793243408e-02	7.256481051445007324e-02	-7.064584642648696899e-02	8.989720791578292847e-02
-2.838899940252304077e-02	8.234162330627441406e-01	9.174458682537078857e-02	-8.332620561122894287e-02	3.307526409626007080e-01	-1.911624819040298462e-01	2.939932346343994141e-01	-8.121240139007568359e-02	1.803463548421859741e-01	-1.000586599111557007e-01	-2.783366292715072632e-02	2.099422067403793335e-01	-7.953599095344543457e-03	1.268060207366943359e-01	3.429580926895141602e-01	-8.529894053936004639e-02	8.224518597126007080e-02	-1.668632626533508301e-01	5.106135010719299316e-01	-2.905833125114440918e-01
3.295226097106933594e-01	-2.395910769701004028e-02	-1.620280146598815918e-01	-6.056844070553779602e-02	-3.978789746761322021e-01	3.019845783710479736e-01	-3.238930702209472656e-01	-6.115358695387840271e-02	-5.028246343135833740e-02	-2.189868316054344177e-02	5.479803308844566345e-02	-2.346208244562149048e-01	1.242770776152610779e-01	2.174502909183502197e-01	4.081092774868011475e-02	8.738692104816436768e-02	5.891427397727966309e-03	3.049851953983306885e-01	-2.411562651395797729e-01	1.139511987566947937e-01
1.623925417661666870e-01	7.097787857055664062e-01	-5.869646370410919189e-02	5.272146314382553101e-02	1.154952272772789001e-01	-1.539412289857864380e-01	-1.779323816299438477e-02	1.541150808334350586e-01	7.610954344272613525e-02	-8.770108222961425781e-02	-1.543133854866027832e-01	1.035371720790863037e-01	-5.353912711143493652e-03	-1.006653606891632080e-01	2.855786979198455811e-01	-3.767904639244079590e-02	-7.117740809917449951e-02	-4.880182445049285889e-02	2.588319182395935059e-01	-1.191123798489570618e-01
3.059367537498474121e-01	2.623143792152404785e-01	-1.698549389839172363e-01	5.096125975251197815e-02	-2.936860918998718262e-01	-1.404400914907455444e-02	-3.082208633422851562e-01	9.125271439552307129e-02	-1.900343745946884155e-01	-2.077199146151542664e-02	-9.710254520177841187e-02	-1.651063859462738037e-01	1.721158325672149658e-01	-1.759238727390766144e-02	1.593840271234512329e-01	-3.203202039003372192e-03	-5.328761041164398193e-02	3.059203326702117920e-01	-1.588442772626876831e-01	1.835600100457668304e-02
2.574617266654968262e-01	4.081649184226989746e-01	-1.281182467937469482e-01	9.241691231727600098e-02	-1.759722679853439331e-01	-2.166235446929931641e-02	-2.572327852249145508e-01	1.700967103242874146e-01	-6.223137676715850830e-02	6.099585443735122681e-03	-1.566944718360900879e-01	-6.099306046962738037e-02	1.233733296394348145e-01	-7.918929308652877808e-02	1.922333985567092896e-01	-9.357041679322719574e-03	-1.197201684117317200e-01	1.430910974740982056e-01	-2.889892458915710449e-02	3.819651901721954346e-03
1.972153037786483765e-01	4.911047816276550293e-01	-8.588132262229919434e-02	1.222815737128257751e-01	-7.504291832447052002e-02	3.901210427284240723e-02	-1.939426958560943604e-01	2.060181200504302979e-01	1.111870557069778442e-01	2.257891185581684113e-02	-1.807592809200286865e-01	4.804548621177673340e-02	6.283217668533325195e-02	-6.939385831356048584e-02	2.088344693183898926e-01	-7.964251562952995300e-03	-1.420899033546447754e-01	-3.539796918630599976e-02	9.045241773128509521e-02	7.703918963670730591e-03
1.113960742950439453e-01	9.749155044555664062e-01	9.401395916938781738e-03	-2.020471394062042236e-01	3.248223066329956055e-01	-3.580400049686431885e-01	2.025555521249771118e-01	1.225335001945495605e-01	1.581013202667236328e-05	-2.072591036558151245e-01	-1.485134363174438477e-01	1.612263768911361694e-01	-1.424071788787841797e-01	-6.604804098606109619e-02	3.428432941436767578e-01	-9.258473664522171021e-02	2.247862517833709717e-02	-4.378542304039001465e-03	4.693667292594909668e-01	-3.062355816364288330e-01
-2.141916658729314804e-03	-4.515637159347534180e-01	8.044964075088500977e-01	4.543156325817108154e-01	1.924530565738677979e-01	3.108647167682647705e-01	3.568628430366516113e-01	-1.802212148904800415e-01	5.312300920486450195e-01	5.373194813728332520e-01	1.792400777339935303e-01	-6.898885965347290039e-01	3.024530708789825439e-01	6.332057714462280273e-01	1.501636058092117310e-01	-1.137953922152519226e-01	-1.659223437309265137e-02	-7.691055536270141602e-03	1.669552087783813477e+00	-2.224090397357940674e-01
3.280839920043945312e-01	4.323305189609527588e-01	-1.569501161575317383e-01	1.499170064926147461e-02	-2.102328836917877197e-01	-2.567636668682098389e-01	-2.774400711059570312e-01	1.278902441263198853e-01	-3.379163742065429688e-01	-8.077649772167205811e-02	-1.424231529235839844e-01	-1.830104589462280273e-01	1.909386515617370605e-01	-1.604008674621582031e-01	2.194827646017074585e-01	-2.188443578779697418e-02	-7.385803759098052979e-02	3.918154537677764893e-01	-1.045932769775390625e-01	-7.252325862646102905e-02
2.316046357154846191e-01	3.884135484695434570e-01	-1.050672829151153564e-01	9.694612026214599609e-02	-1.644741594791412354e-01	7.133551687002182007e-02	-2.506446838378906250e-01	1.788412630558013916e-01	4.649879038333892822e-02	3.221016377210617065e-02	-1.586476564407348633e-01	-1.576525531709194183e-02	1.045350208878517151e-01	-3.960261866450309753e-02	1.772480756044387817e-01	4.305837675929069519e-03	-1.276199817657470703e-01	5.515772104263305664e-02	2.530142664909362793e-03	3.417900204658508301e-02
3.337887115776538849e-03	3.832187652587890625e-01	6.800623238086700439e-02	1.341214329004287720e-01	-1.219724118709564209e-02	1.480668783187866211e-01	-7.300630211830139160e-03	-1.056244671344757080e-01	3.472819924354553223e-01	7.224155962467193604e-02	8.074916154146194458e-02	1.018063277006149292e-01	1.164450645446777344e-01	2.078911066055297852e-01	2.505615055561065674e-01	-2.894063480198383331e-02	3.174811601638793945e-02	-2.556228637695312500e-01	2.279949039220809937e-01	-1.696211472153663635e-02
1.017329469323158264e-01	5.595040321350097656e-01	-2.073457837104797363e-02	1.204062253236770630e-01	4.503453522920608521e-02	1.539744064211845398e-02	-3.655168414115905762e-02	6.713053584098815918e-02	2.191058546304702759e-01	-1.735411211848258972e-02	-8.047085255384445190e-02	1.196471154689788818e-01	4.832285642623901367e-02	2.415985055267810822e-02	2.596640884876251221e-01	-2.420184202492237091e-02	-3.761762380599975586e-02	-1.559734940528869629e-01	2.456763237714767456e-01	-5.520813912153244019e-02
1.560738775879144669e-02	3.352333307266235352e-01	4.636535048484802246e-02	1.402562707662582397e-01	-5.714852362871170044e-02	1.913989037275314331e-01	-4.686130955815315247e-02	-7.763790339231491089e-02	3.588157296180725098e-01	8.751232922077178955e-02	8.523767441511154175e-02	8.245941996574401855e-02	1.073056086897850037e-01	2.124564647674560547e-01	2.308219522237777710e-01	-1.872874796390533447e-02	1.709191501140594482e-02	-2.544224262237548828e-01	1.784407049417495728e-01	1.546692848205566406e-02
-2.173420190811157227e-01	6.630849838256835938e-01	1.903267651796340942e-01	-2.470680698752403259e-02	2.899915874004364014e-01	-1.634045243263244629e-01	3.055317401885986328e-01	-3.052511811256408691e-01	2.076828330755233765e-01	6.061583757400512695e-03	1.317190080881118774e-01	1.972441673278808594e-01	1.183734536170959473e-01	3.588501214981079102e-01	3.833674192428588867e-01	-2.029624879360198975e-01	1.990355253219604492e-01	-1.381409764289855957e-01	5.161551833152770996e-01	-3.733994662761688232e-01
1.546134352684020996e-01	6.714218258857727051e-01	-5.099821090698242188e-02	7.790083438158035278e-02	9.238874167203903198e-02	-8.992819488048553467e-02	-4.152646660804748535e-02	1.671566665172576904e-01	1.225581318140029907e-01	-5.316586419939994812e-02	-1.668521612882614136e-01	1.184139698743820190e-01	7.840618491172790527e-04	-7.962650060653686523e-02	2.645610868930816650e-01	-3.462374955415725708e-02	-9.462372958660125732e-02	-8.348199725151062012e-02	2.475865036249160767e-01	-8.512709289789199829e-02
2.867807745933532715e-01	6.558296084403991699e-01	-8.049435913562774658e-02	-5.540514364838600159e-02	-2.459910139441490173e-02	-3.564582169055938721e-01	-1.625538468360900879e-01	1.519389003515243530e-01	-2.694566547870635986e-01	-1.263727694749832153e-01	-1.440965384244918823e-01	-1.134778857231140137e-01	1.464513689279556274e-01	-2.370168268680572510e-01	2.780204415321350098e-01	1.324976049363613129e-02	-6.616770476102828979e-02	2.950397431850433350e-01	1.169912666082382202e-01	-1.494151055812835693e-01
3.651179075241088867e-01	4.780078679323196411e-02	-2.360928952693939209e-01	-3.841866180300712585e-02	-4.421131014823913574e-01	6.526661664247512817e-02	-3.588119745254516602e-01	-1.154175400733947754e-02	-3.060647249221801758e-01	-5.607201531529426575e-02	6.402485538274049759e-03	-2.834717929363250732e-01	1.699515879154205322e-01	1.104210317134857178e-01	1.057338267564773560e-01	1.983700692653656006e-02	3.727622330188751221e-02	4.822873175144195557e-01	-3.448705077171325684e-01	4.350946098566055298e-02
-5.060609579086303711e-01	6.009367108345031738e-02	2.271289825439453125e-01	1.439322382211685181e-01	1.652042865753173828e-01	6.142088174819946289e-01	4.030268788337707520e-01	-5.836647748947143555e-01	8.561829328536987305e-01	1.530679464340209961e-01	7.335283756256103516e-01	8.127973228693008423e-02	-1.037700548768043518e-01	1.019049763679504395e+00	3.333555161952972412e-01	-1.009179726243019104e-01	2.952847778797149658e-01	-4.678575992584228516e-01	4.399636983871459961e-01	-2.723716795444488525e-01
2.611378431320190430e-01	7.659024745225906372e-02	-1.367150545120239258e-01	9.061327204108238220e-03	-3.497319221496582031e-01	3.067508041858673096e-01	-3.015344738960266113e-01	2.136935666203498840e-02	8.636353909969329834e-02	2.858097851276397705e-02	1.649020984768867493e-02	-1.336581259965896606e-01	1.196238622069358826e-01	1.693919450044631958e-01	8.657126128673553467e-02	6.797122210264205933e-02	-6.181061267852783203e-03	1.236387789249420166e-01	-1.363403946161270142e-01	1.220666021108627319e-01
2.211836427450180054e-01	-3.995639830827713013e-02	-2.541132271289825439e-02	-4.328929260373115540e-02	-2.745181918144226074e-01	4.951227605342864990e-01	-2.181749790906906128e-01	-1.248550415039062500e-01	2.755870819091796875e-01	1.288895681500434875e-02	1.322113126516342163e-01	-1.268617808818817139e-01	9.116166085004806519e-02	3.261964321136474609e-01	2.545074373483657837e-02	1.375927925109863281e-01	6.814822554588317871e-03	2.625852823257446289e-02	-1.083397865295410156e-02	1.235146149992942810e-01
2.322471886873245239e-01	1.145682185888290405e-01	-1.266192197799682617e-01	4.060807079076766968e-02	-3.183182775974273682e-01	3.131665289402008057e-01	-2.834874987602233887e-01	4.212800040841102600e-02	1.412383466958999634e-01	3.890518099069595337e-02	9.803623892366886139e-03	-8.783881366252899170e-02	1.049662604928016663e-01	1.590636521577835083e-01	1.049198955297470093e-01	6.431803852319717407e-02	-1.554697751998901367e-02	5.262742936611175537e-02	-9.516058862209320068e-02	1.169713437557220459e-01
1.173727959394454956e-01	5.652184486389160156e-01	-2.766931056976318359e-02	1.163581535220146179e-01	4.001159220933914185e-02	1.252292655408382416e-02	-5.462363362312316895e-02	9.695914387702941895e-02	2.037892192602157593e-01	-1.338028162717819214e-02	-1.072865501046180725e-01	1.164759546518325806e-01	4.405980557203292847e-02	2.001321408897638321e-03	2.517341673374176025e-01	-2.261143177747726440e-02	-6.054254621267318726e-02	-1.409549415111541748e-01	2.324775308370590210e-01	-4.930615425109863281e-02
1.639301925897598267e-01	7.590477466583251953e-01	-5.338445305824279785e-02	2.018393762409687042e-02	1.543742120265960693e-01	-1.844414174556732178e-01	8.805103600025177002e-03	1.602774262428283691e-01	6.905446946620941162e-02	-1.084361374378204346e-01	-1.624230146408081055e-01	1.182094290852546692e-01	-3.504541516304016113e-02	-1.114648580551147461e-01	2.942535281181335449e-01	-3.885640203952789307e-02	-6.854994595050811768e-02	-4.586055874824523926e-02	2.883682847023010254e-01	-1.406586468219757080e-01
1.110262870788574219e-01	6.860923767089843750e-01	-1.869717240333557129e-02	6.314688175916671753e-02	1.396405696868896484e-01	-9.860245138406753540e-02	4.072755575180053711e-02	7.394848763942718506e-02	1.596200615167617798e-01	-7.674938440322875977e-02	-9.825403988361358643e-02	1.392300128936767578e-01	9.087525308132171631e-03	-1.830862835049629211e-02	2.924036979675292969e-01	-3.328902274370193481e-02	-2.663895487785339355e-02	-1.283102035522460938e-01	3.088394403457641602e-01	-1.189349070191383362e-01
2.478735595941543579e-01	1.776218414306640625e-01	-1.433648765087127686e-01	6.463707238435745239e-02	-3.019562661647796631e-01	2.095619887113571167e-01	-2.917988002300262451e-01	7.360754907131195068e-02	4.864655435085296631e-02	2.950564213097095490e-02	-3.542662784457206726e-02	-9.650358557701110840e-02	1.177196800708770752e-01	9.536439925432205200e-02	1.284285485744476318e-01	3.585928678512573242e-02	-4.123990237712860107e-02	1.125953942537307739e-01	-1.103754937648773193e-01	8.664255589246749878e-02
9.540708363056182861e-02	2.880236804485321045e-01	-6.941586732864379883e-03	1.025078818202018738e-01	-1.334678977727890015e-01	3.302599489688873291e-01	-1.664959490299224854e-01	7.152718305587768555e-02	3.918999433517456055e-01	8.950453996658325195e-02	-2.867773920297622681e-02	9.509545564651489258e-02	7.748650759458541870e-02	1.619137823581695557e-01	1.615900993347167969e-01	4.615122824907302856e-02	-5.432235449552536011e-02	-2.349363565444946289e-01	1.320704966783523560e-01	8.907808363437652588e-02
2.211770266294479370e-01	5.090438574552536011e-02	-1.264097094535827637e-01	2.255551144480705261e-02	-3.397047221660614014e-01	3.864242136478424072e-01	-2.712735533714294434e-01	-1.331418752670288086e-03	1.991905719041824341e-01	3.171616047620773315e-02	7.175259292125701904e-02	-9.790261834859848022e-02	8.747524023056030273e-02	2.194211930036544800e-01	9.078693389892578125e-02	8.544948697090148926e-02	2.206006646156311035e-02	1.956625282764434814e-02	-9.563521295785903931e-02	1.332071274518966675e-01
-8.706847578287124634e-02	5.239011049270629883e-01	1.613529622554779053e-01	5.822154879570007324e-02	1.621447503566741943e-01	-2.781512215733528137e-02	1.596434265375137329e-01	-2.414256632328033447e-01	2.482648044824600220e-01	5.789440497756004333e-02	1.063365712761878967e-01	1.410612314939498901e-01	1.647615581750869751e-01	2.840518057346343994e-01	3.246737420558929443e-01	-9.283356368541717529e-02	9.470568597316741943e-02	-1.882687062025070190e-01	3.609889149665832520e-01	-1.760025620460510254e-01
2.378465831279754639e-01	4.946296811103820801e-01	-1.030467748641967773e-01	9.566571563482284546e-02	-1.039206832647323608e-01	-3.680625930428504944e-02	-2.230378836393356323e-01	2.111629843711853027e-01	-4.788786172866821289e-03	5.277719348669052124e-03	-1.969459205865859985e-01	-6.272522732615470886e-03	9.178201854228973389e-02	-1.155516803264617920e-01	2.077874094247817993e-01	-1.287301070988178253e-02	-1.483828574419021606e-01	7.222855091094970703e-02	4.318265616893768311e-02	-1.023045182228088379e-02
1.787189394235610962e-01	6.639888882637023926e-01	-7.028432190418243408e-02	6.814042478799819946e-02	6.694928556680679321e-02	-1.430550515651702881e-01	-6.540039926767349243e-02	1.636153459548950195e-01	4.788325726985931396e-02	-6.848835945129394531e-02	-1.565553992986679077e-01	6.903587281703948975e-02	2.300254255533218384e-02	-1.090643107891082764e-01	2.728482782840728760e-01	-3.377111256122589111e-02	-8.753818273544311523e-02	-1.615972071886062622e-02	2.089133113622665405e-01	-9.819205850362777710e-02
7.182632684707641602e-01	-2.536184191703796387e-01	3.305827379226684570e-01	-1.009689420461654663e-01	-1.446478962898254395e-01	-4.127019345760345459e-01	-1.617583930492401123e-01	1.671298444271087646e-01	-6.108786463737487793e-01	1.629160791635513306e-01	-1.747188121080398560e-01	-1.124517083168029785e+00	1.231105327606201172e-01	-7.233750820159912109e-02	2.492996454238891602e-01	3.995028436183929443e-01	-1.843848824501037598e-01	5.397816896438598633e-01	1.337785720825195312e+00	-2.068303525447845459e-01
1.648114919662475586e-01	3.132678568363189697e-01	-6.294691562652587891e-02	1.056724339723587036e-01	-1.637500077486038208e-01	2.675716876983642578e-01	-2.273327708244323730e-01	1.520165652036666870e-01	2.697616815567016602e-01	7.570318877696990967e-02	-1.050030067563056946e-01	5.891877412796020508e-02	7.487168163061141968e-02	7.515598088502883911e-02	1.563787758350372314e-01	4.027738422155380249e-02	-1.045925468206405640e-01	-1.239196956157684326e-01	5.739954113960266113e-02	9.067599475383758545e-02
3.615973517298698425e-02	2.837350666522979736e-01	2.707281708717346191e-02	1.208105161786079407e-01	-1.125703901052474976e-01	2.920193672180175781e-01	-9.913792461156845093e-02	-2.566346526145935059e-02	4.009973406791687012e-01	8.857239782810211182e-02	6.611407548189163208e-02	8.095053583383560181e-02	9.121389687061309814e-02	2.142542302608489990e-01	1.932632923126220703e-01	2.437349408864974976e-02	1.140935719013214111e-02	-2.608247399330139160e-01	1.601123660802841187e-01	5.768994241952896118e-02
2.294494211673736572e-01	5.338782668113708496e-01	-9.317271411418914795e-02	9.111320972442626953e-02	-6.700638681650161743e-02	-6.281484663486480713e-02	-1.959815025329589844e-01	2.071160972118377686e-01	3.007009625434875488e-03	-8.532769978046417236e-03	-1.969918310642242432e-01	7.561706937849521637e-03	8.360628783702850342e-02	-1.242846325039863586e-01	2.185578197240829468e-01	-1.509732753038406372e-02	-1.419127583503723145e-01	5.797034502029418945e-02	8.445845544338226318e-02	-2.843148261308670044e-02
3.712324798107147217e-01	3.442470729351043701e-01	-1.700919270515441895e-01	-3.828480839729309082e-02	-2.879256904125213623e-01	-2.943161725997924805e-01	-3.220791220664978027e-01	7.425671815872192383e-02	-4.968059659004211426e-01	-9.360069036483764648e-02	-1.285799741744995117e-01	-2.624518871307373047e-01	2.605554163455963135e-01	-1.344449520111083984e-01	2.015617638826370239e-01	-1.234904769808053970e-02	-4.149711132049560547e-02	5.674136877059936523e-01	-2.007002979516983032e-01	-9.068267792463302612e-02
1.066664531826972961e-01	3.237451612949371338e-01	-3.075063228607177734e-02	1.249454990029335022e-01	-1.251889020204544067e-01	2.886428534984588623e-01	-1.741891354322433472e-01	1.010549366474151611e-01	3.566014170646667480e-01	8.055129647254943848e-02	-5.317622795701026917e-02	9.684749692678451538e-02	6.634200364351272583e-02	1.243461221456527710e-01	1.765424162149429321e-01	3.405589610338211060e-02	-6.946133822202682495e-02	-2.154169082641601562e-01	1.188261657953262329e-01	7.922232151031494141e-02
1.486372649669647217e-01	5.280585289001464844e-01	-5.026166141033172607e-02	1.235203221440315247e-01	-1.196625083684921265e-02	4.608650133013725281e-02	-1.259249448776245117e-01	1.605647653341293335e-01	1.860083490610122681e-01	1.265724375844001770e-02	-1.494488418102264404e-01	9.471555054187774658e-02	4.484318196773529053e-02	-2.959008328616619110e-02	2.268141210079193115e-01	-1.293522305786609650e-02	-1.101503744721412659e-01	-1.128039956092834473e-01	1.699490398168563843e-01	-1.446098461747169495e-02
1.718079894781112671e-01	6.424509286880493164e-01	-6.985469162464141846e-02	7.775756716728210449e-02	5.137667804956436157e-02	-1.388001590967178345e-01	-7.138888537883758545e-02	1.438602060079574585e-01	4.414902627468109131e-02	-6.560812890529632568e-02	-1.397449523210525513e-01	5.856381356716156006e-02	3.918854147195816040e-02	-9.637115895748138428e-02	2.745926976203918457e-01	-3.572300076484680176e-02	-7.289824634790420532e-02	-7.987387478351593018e-03	1.997929662466049194e-01	-9.757339209318161011e-02
1.841292828321456909e-01	3.406726419925689697e-01	-7.960286736488342285e-02	1.084030792117118835e-01	-1.616157442331314087e-01	2.159259766340255737e-01	-2.362814545631408691e-01	1.738274097442626953e-01	2.120236605405807495e-01	6.621051579713821411e-02	-1.292677521705627441e-01	4.547943919897079468e-02	7.422579824924468994e-02	3.755668178200721741e-02	1.631446182727813721e-01	2.851028554141521454e-02	-1.200143173336982727e-01	-8.196321129798889160e-02	3.797642886638641357e-02	7.787136733531951904e-02
1.868813037872314453e-01	1.526316851377487183e-01	-5.626727640628814697e-02	3.486521542072296143e-02	-2.568600773811340332e-01	3.783664405345916748e-01	-2.539886236190795898e-01	6.483693420886993408e-02	2.811381816864013672e-01	7.324418425559997559e-02	-2.215493470430374146e-02	-1.179218851029872894e-02	1.070117056369781494e-01	1.696792691946029663e-01	9.936402738094329834e-02	8.136233687400817871e-02	-4.149463027715682983e-02	-7.236014306545257568e-02	1.314058899879455566e-02	1.273393929004669189e-01
2.103652209043502808e-01	5.873905420303344727e-01	-8.726945519447326660e-02	8.326592296361923218e-02	-1.846625655889511108e-02	-1.206421777606010437e-01	-1.492290943861007690e-01	1.834043562412261963e-01	-5.590945482254028320e-03	-3.873151168227195740e-02	-1.731247305870056152e-01	1.590848155319690704e-02	6.952437758445739746e-02	-1.274134516716003418e-01	2.472879886627197266e-01	-2.675361000001430511e-02	-1.112508103251457214e-01	5.312724411487579346e-02	1.283710449934005737e-01	-6.577815860509872437e-02
6.233897060155868530e-02	3.187450170516967773e-01	1.539310812950134277e-02	1.139049977064132690e-01	-1.003487929701805115e-01	2.917466461658477783e-01	-1.246721148490905762e-01	3.056408837437629700e-02	3.986836671829223633e-01	8.281317353248596191e-02	2.658680547028779984e-03	1.017899587750434875e-01	8.137606084346771240e-02	1.718871444463729858e-01	1.854797154664993286e-01	3.136544674634933472e-02	-2.621241658926010132e-02	-2.547472119331359863e-01	1.690292805433273315e-01	6.294831633567810059e-02
1.549144387245178223e-01	-2.806494385004043579e-02	-6.167292594909667969e-04	-1.795152761042118073e-02	-2.502062320709228516e-01	5.221863389015197754e-01	-1.564757674932479858e-01	-1.693443208932876587e-01	3.395100831985473633e-01	1.436006650328636169e-02	1.964803338050842285e-01	-8.574051409959793091e-02	7.548125088214874268e-02	3.700511753559112549e-01	6.021523475646972656e-02	1.347523629665374756e-01	6.122550368309020996e-02	-6.837362796068191528e-02	4.402935504913330078e-02	1.014020740985870361e-01
9.777569025754928589e-02	9.414545297622680664e-01	1.714310050010681152e-02	-1.716567426919937134e-01	3.145216405391693115e-01	-3.224646747112274170e-01	2.020280212163925171e-01	9.850823879241943359e-02	1.515808701515197754e-02	-1.867829412221908569e-01	-1.355578750371932983e-01	1.613345295190811157e-01	-1.074691489338874817e-01	-4.668132215738296509e-02	3.423138558864593506e-01	-7.876466214656829834e-02	2.384762465953826904e-02	-1.653231680393218994e-02	4.587132930755615234e-01	-2.975662946701049805e-01
2.320732474327087402e-01	4.166824221611022949e-01	-1.056076884269714355e-01	1.019683778285980225e-01	-1.481978595256805420e-01	5.135775730013847351e-02	-2.468038499355316162e-01	1.974657475948333740e-01	4.268077015876770020e-02	3.066604025661945343e-02	-1.758873313665390015e-01	-7.524300366640090942e-03	9.605046361684799194e-02	-5.980801582336425781e-02	1.840584874153137207e-01	-2.040306106209754944e-03	-1.405005902051925659e-01	5.098621547222137451e-02	1.005905866622924805e-02	2.826891466975212097e-02
2.086380124092102051e-01	5.650528669357299805e-01	-8.217297494411468506e-02	9.199460595846176147e-02	-2.750510722398757935e-02	-5.091452226042747498e-02	-1.632952392101287842e-01	2.095879912376403809e-01	5.114398896694183350e-02	-1.189985126256942749e-02	-1.956135779619216919e-01	4.431641101837158203e-02	5.559174716472625732e-02	-1.128093451261520386e-01	2.255254387855529785e-01	-1.585093326866626740e-02	-1.406580060720443726e-01	4.889026284217834473e-03	1.247432678937911987e-01	-3.461706638336181641e-02
1.465201824903488159e-01	1.262329339981079102e+00	-1.270489394664764404e-01	-1.453475654125213623e-01	3.689505159854888916e-01	-5.192251205444335938e-01	6.962590217590332031e-01	-5.048263072967529297e-01	-3.004356026649475098e-01	1.099209636449813843e-01	-2.523661553859710693e-01	6.449241638183593750e-01	-7.135125398635864258e-01	-1.706746518611907959e-01	7.306680679321289062e-01	2.013969421386718750e-01	-1.385912746191024780e-01	3.665308356285095215e-01	8.705101609230041504e-01	-1.819921135902404785e-01
2.097492367029190063e-01	1.627255082130432129e-01	-8.330756425857543945e-02	4.428337141871452332e-02	-2.696657180786132812e-01	3.287789523601531982e-01	-2.692441344261169434e-01	7.260955870151519775e-02	2.068296521902084351e-01	6.216470152139663696e-02	-3.315740078687667847e-02	-3.609149158000946045e-02	1.098766475915908813e-01	1.427312642335891724e-01	1.052665710449218750e-01	6.742742657661437988e-02	-4.726792871952056885e-02	-1.310443133115768433e-02	-2.778947353363037109e-02	1.177439615130424500e-01
2.108580991625785828e-02	5.029717683792114258e-01	3.884987533092498779e-02	1.254205852746963501e-01	6.382656842470169067e-02	7.324847579002380371e-02	3.643505275249481201e-02	-7.142806053161621094e-02	3.210236430168151855e-01	6.895735859870910645e-03	3.250202909111976624e-02	1.520636081695556641e-01	7.218303531408309937e-02	1.498300880193710327e-01	2.773282229900360107e-01	-2.852074988186359406e-02	3.136259317398071289e-02	-2.578302919864654541e-01	2.931838631629943848e-01	-6.408923119306564331e-02
-8.284506388008594513e-03	4.408053159713745117e-01	7.297962903976440430e-02	1.308478713035583496e-01	3.475019335746765137e-02	9.562645107507705688e-02	3.759744763374328613e-02	-1.322235167026519775e-01	3.268106579780578613e-01	4.242416471242904663e-02	8.227931708097457886e-02	1.255789846181869507e-01	1.096529811620712280e-01	1.999068111181259155e-01	2.786372601985931396e-01	-4.000459611415863037e-02	5.366560816764831543e-02	-2.565255761146545410e-01	2.726615667343139648e-01	-5.827151983976364136e-02
-5.009917914867401123e-02	7.079645991325378418e-01	1.144365370273590088e-01	-1.490677520632743835e-02	2.660991251468658447e-01	-1.091960445046424866e-01	2.456329911947250366e-01	-1.454752683639526367e-01	2.267419844865798950e-01	-5.203096196055412292e-02	2.601376175880432129e-02	1.981381773948669434e-01	6.342603266239166260e-02	1.929568946361541748e-01	3.381013274192810059e-01	-7.244490832090377808e-02	9.204667806625366211e-02	-1.964236944913864136e-01	4.713317751884460449e-01	-2.411529123783111572e-01
6.258414685726165771e-02	4.843712747097015381e-01	6.370574235916137695e-03	1.350246816873550415e-01	1.643280684947967529e-02	1.210526302456855774e-01	-3.450082615017890930e-02	2.768881246447563171e-02	3.218963146209716797e-01	2.386637590825557709e-02	-3.410904109477996826e-02	1.413486003875732422e-01	5.343506112694740295e-02	1.012015193700790405e-01	2.431267499923706055e-01	-1.223465148359537125e-02	-2.668666094541549683e-02	-2.433149218559265137e-01	2.409771829843521118e-01	-1.681749522686004639e-02
4.522219896316528320e-01	4.031784236431121826e-01	-1.762349009513854980e-01	-2.476192712783813477e-01	-3.879673779010772705e-01	-6.305557489395141602e-01	-2.837716341018676758e-01	1.178207248449325562e-01	-9.822489023208618164e-01	-1.663076877593994141e-01	-1.117088273167610168e-01	-4.556606113910675049e-01	4.172449707984924316e-01	-2.948701977729797363e-01	2.564183473587036133e-01	7.730229198932647705e-02	1.067039370536804199e-02	9.256999492645263672e-01	-2.624658942222595215e-01	-2.629184722900390625e-01
1.378535479307174683e-01	7.545423507690429688e-01	-3.052657842636108398e-02	2.114511281251907349e-02	1.732309162616729736e-01	-1.645936071872711182e-01	4.822389781475067139e-02	1.141381412744522095e-01	1.023293882608413696e-01	-1.079461276531219482e-01	-1.327949762344360352e-01	1.352334916591644287e-01	-2.263805270195007324e-02	-7.140220701694488525e-02	3.009585142135620117e-01	-3.512544929981231689e-02	-4.122912138700485229e-02	-8.094906806945800781e-02	3.191843032836914062e-01	-1.471518576145172119e-01
-4.372134208679199219e-01	2.295290678739547729e-01	2.554150819778442383e-01	-1.450281590223312378e-01	-7.707402110099792480e-04	8.098354935646057129e-02	1.873006075620651245e-01	-5.521530508995056152e-01	1.417865008115768433e-01	-6.615875661373138428e-02	4.435102939605712891e-01	3.321647644042968750e-02	-2.550265938043594360e-02	6.310402154922485352e-01	5.646467208862304688e-01	-6.621654331684112549e-02	4.673995077610015869e-01	2.109487354755401611e-02	-1.676387935876846313e-01	-2.021425068378448486e-01
5.108228325843811035e-01	-4.289112240076065063e-02	-3.502400219440460205e-01	4.275307804346084595e-02	-5.175648331642150879e-01	-2.260983288288116455e-01	-4.851745963096618652e-01	2.070780396461486816e-01	-7.164502739906311035e-01	-3.615807369351387024e-02	-1.270510852336883545e-01	-4.788936376571655273e-01	1.650626659393310547e-01	6.339926272630691528e-02	9.063141047954559326e-02	-1.412172764539718628e-01	4.984001815319061279e-02	9.821263551712036133e-01	-6.344729661941528320e-01	-2.861382812261581421e-02
-1.113212332129478455e-01	5.194301605224609375e-01	1.784085184335708618e-01	4.017922282218933105e-02	1.696814298629760742e-01	-4.548189416527748108e-02	1.672897487878799438e-01	-2.635709941387176514e-01	2.364397197961807251e-01	7.273997366428375244e-02	1.199915409088134766e-01	1.324930489063262939e-01	1.819638013839721680e-01	3.091113865375518799e-01	3.319073319435119629e-01	-1.079100668430328369e-01	1.050095409154891968e-01	-1.659949570894241333e-01	3.643334507942199707e-01	-1.997581422328948975e-01
5.203655362129211426e-01	2.774646878242492676e-02	-3.600555956363677979e-01	8.464217931032180786e-02	-5.050542354583740234e-01	-3.983818292617797852e-01	-5.004259347915649414e-01	2.444988787174224854e-01	-8.482326865196228027e-01	-2.870863303542137146e-02	-1.835963279008865356e-01	-4.902508258819580078e-01	2.022550851106643677e-01	-3.732904046773910522e-02	1.388953477144241333e-01	-1.768411248922348022e-01	2.651296555995941162e-02	1.078192234039306641e+00	-6.356858015060424805e-01	-1.042297556996345520e-01
3.656776621937751770e-02	2.277167737483978271e-01	2.101817727088928223e-02	1.174295693635940552e-01	-1.479654461145401001e-01	3.126512169837951660e-01	-1.008812934160232544e-01	-5.587713792920112610e-02	3.897113800048828125e-01	9.590671956539154053e-02	1.088765561580657959e-01	5.123151838779449463e-02	9.772576391696929932e-02	2.480749189853668213e-01	1.859229356050491333e-01	2.506903000175952911e-02	3.091584146022796631e-02	-2.473780214786529541e-01	1.211341172456741333e-01	6.861311197280883789e-02
2.958777546882629395e-01	7.915505766868591309e-01	-4.143232107162475586e-02	-1.794803738594055176e-01	6.664546579122543335e-02	-4.736931622028350830e-01	-1.069195121526718140e-01	1.756857782602310181e-01	-3.180100917816162109e-01	-1.996624022722244263e-01	-1.461100280284881592e-01	-1.114405244588851929e-01	9.860002249479293823e-02	-2.805217206478118896e-01	3.018317818641662598e-01	3.049645014107227325e-02	-2.810661494731903076e-02	3.406474888324737549e-01	2.397708147764205933e-01	-2.137368321418762207e-01
-1.968588829040527344e-01	4.739823341369628906e-01	2.389672398567199707e-01	9.842988103628158569e-03	1.664684712886810303e-01	-8.746468275785446167e-02	1.834785491228103638e-01	-3.366327285766601562e-01	1.838951557874679565e-01	1.373767107725143433e-01	1.727817505598068237e-01	9.671635925769805908e-02	2.479024231433868408e-01	3.872212469577789307e-01	3.507707715034484863e-01	-1.690909415483474731e-01	1.461522281169891357e-01	-8.959616720676422119e-02	3.526819348335266113e-01	-2.714740335941314697e-01
1.154972612857818604e-02	5.502073764801025391e-01	5.138342082500457764e-02	1.014436408877372742e-01	1.103841885924339294e-01	2.092681825160980225e-02	8.373387157917022705e-02	-1.040263622999191284e-01	2.926819324493408203e-01	-1.900377497076988220e-02	4.237900674343109131e-02	1.638071388006210327e-01	7.062390446662902832e-02	1.548409312963485718e-01	2.993867397308349609e-01	-3.810265660285949707e-02	5.661813914775848389e-02	-2.436406463384628296e-01	3.336006999015808105e-01	-1.045364961028099060e-01
2.138501554727554321e-01	1.432405561208724976e-01	-8.969134092330932617e-02	3.964010998606681824e-02	-2.827667593955993652e-01	3.386216759681701660e-01	-2.727485895156860352e-01	6.296792626380920410e-02	2.032921761274337769e-01	5.921438336372375488e-02	-2.087917551398277283e-02	-4.728064686059951782e-02	1.093352958559989929e-01	1.536989808082580566e-01	1.005586311221122742e-01	7.015790790319442749e-02	-3.863017261028289795e-02	-4.055969417095184326e-03	-4.073449969291687012e-02	1.220686659216880798e-01
2.697778046131134033e-01	3.241160809993743896e-01	-1.540772020816802979e-01	9.112426638603210449e-02	-2.377457022666931152e-01	1.392826810479164124e-02	-2.798599004745483398e-01	1.313923448324203491e-01	-8.950652182102203369e-02	2.226658165454864502e-03	-1.146004050970077515e-01	-9.976792335510253906e-02	1.352427899837493896e-01	-3.268989548087120056e-02	1.769450157880783081e-01	-6.097914651036262512e-03	-8.505573123693466187e-02	1.876969635486602783e-01	-9.147988259792327881e-02	2.103157341480255127e-02
9.099013358354568481e-02	7.417041659355163574e-01	5.680799484252929688e-03	1.602475531399250031e-02	1.974805891513824463e-01	-1.426638960838317871e-01	1.062820255756378174e-01	3.154269233345985413e-02	1.411005407571792603e-01	-1.058761030435562134e-01	-7.685308158397674561e-02	1.547378301620483398e-01	-2.662628889083862305e-03	1.181455794721841812e-03	3.155393302440643311e-01	-3.338815271854400635e-02	9.910807013511657715e-03	-1.198422014713287354e-01	3.572537899017333984e-01	-1.641879379749298096e-01
1.626043915748596191e-01	1.185369014739990234e+00	8.000507950782775879e-03	-1.917735785245895386e-01	3.577663600444793701e-01	-4.663302600383758545e-01	4.797684550285339355e-01	-1.947972476482391357e-01	-1.709320843219757080e-01	-8.543236553668975830e-02	-2.661504447460174561e-01	4.199854433536529541e-01	-4.735131561756134033e-01	-1.872501969337463379e-01	5.571987032890319824e-01	1.121467947959899902e-01	-5.582403391599655151e-02	2.546328604221343994e-01	7.574498057365417480e-01	-1.867233812808990479e-01
2.712148129940032959e-01	6.852160096168518066e-01	-7.609300315380096436e-02	-4.592885449528694153e-02	1.100170612335205078e-02	-3.467726409435272217e-01	-1.352412849664688110e-01	1.551916152238845825e-01	-2.232427000999450684e-01	-1.322072893381118774e-01	-1.463667005300521851e-01	-8.333622664213180542e-02	1.166189238429069519e-01	-2.324954569339752197e-01	2.853946089744567871e-01	5.468840710818767548e-03	-6.326564401388168335e-02	2.475801110267639160e-01	1.550174504518508911e-01	-1.545279920101165771e-01
-6.498917192220687866e-02	6.141566038131713867e-01	1.400729864835739136e-01	3.014701791107654572e-02	2.187226712703704834e-01	-5.583524331450462341e-02	2.081639319658279419e-01	-2.002923786640167236e-01	2.539190649986267090e-01	9.690746665000915527e-04	6.518881767988204956e-02	1.799295693635940552e-01	1.151120066642761230e-01	2.439301908016204834e-01	3.291141986846923828e-01	-7.698113471269607544e-02	9.000748395919799805e-02	-2.132372558116912842e-01	4.276275038719177246e-01	-2.019950747489929199e-01
1.592932194471359253e-01	1.025665283203125000e+00	6.152592599391937256e-02	-2.197151184082031250e-01	3.970612287521362305e-01	-4.439255297183990479e-01	2.417701035737991333e-01	4.314504191279411316e-02	8.676792681217193604e-02	-2.876558899879455566e-01	-1.830427646636962891e-01	2.385199069976806641e-01	-2.839715480804443359e-01	-3.068865463137626648e-02	3.696587979793548584e-01	-2.365954965353012085e-01	8.000434935092926025e-02	-1.431696563959121704e-01	5.703425407409667969e-01	-2.725751698017120361e-01
1.466569155454635620e-01	1.011450767517089844e+00	-7.556214928627014160e-03	-2.365511059761047363e-01	3.219777047634124756e-01	-4.150676727294921875e-01	1.748809367418289185e-01	1.673106551170349121e-01	-4.778555035591125488e-02	-2.338323146104812622e-01	-1.756141036748886108e-01	1.427424252033233643e-01	-1.810615360736846924e-01	-1.139250919222831726e-01	3.432168662548065186e-01	-1.081609427928924561e-01	1.446764171123504639e-02	4.457700252532958984e-02	4.623841047286987305e-01	-3.115850985050201416e-01
3.268976211547851562e-01	5.430996417999267578e-01	-1.116665601730346680e-01	-5.652105063199996948e-02	-1.354992389678955078e-01	-3.705154955387115479e-01	-2.380879074335098267e-01	1.254101097583770752e-01	-4.000808596611022949e-01	-1.160782724618911743e-01	-1.427859365940093994e-01	-1.889741569757461548e-01	2.172888815402984619e-01	-2.216792553663253784e-01	2.533756494522094727e-01	5.869919434189796448e-03	-5.817860364913940430e-02	4.377970397472381592e-01	-1.421234011650085449e-02	-1.355175971984863281e-01
-1.710032969713211060e-01	4.912243485450744629e-01	2.117105424404144287e-01	1.702302508056163788e-02	1.665251851081848145e-01	-7.371404021978378296e-02	1.766076236963272095e-01	-3.082219660282135010e-01	2.024314850568771362e-01	1.132071465253829956e-01	1.553555279970169067e-01	1.110540777444839478e-01	2.166170179843902588e-01	3.651191294193267822e-01	3.482795655727386475e-01	-1.506299227476119995e-01	1.325729936361312866e-01	-1.144093722105026245e-01	3.511245846748352051e-01	-2.501500844955444336e-01
2.656058967113494873e-02	3.222125470638275146e-01	2.715761959552764893e-02	1.359483450651168823e-01	-8.128423243761062622e-02	2.418510168790817261e-01	-7.373844087123870850e-02	-4.231688007712364197e-02	3.842802643775939941e-01	7.771661877632141113e-02	7.005053758621215820e-02	9.165005385875701904e-02	9.032739698886871338e-02	2.046000212430953979e-01	2.164509594440460205e-01	6.106955930590629578e-03	1.751974225044250488e-02	-2.631196975708007812e-01	1.785677820444107056e-01	3.266684710979461670e-02
2.512814402580261230e-01	-8.087036758661270142e-02	-7.208950817584991455e-02	-5.399969965219497681e-02	-3.086574673652648926e-01	4.751922488212585449e-01	-2.235510200262069702e-01	-1.638270020484924316e-01	1.826738566160202026e-01	-2.306347712874412537e-02	1.671116501092910767e-01	-1.733486652374267578e-01	6.643878668546676636e-02	3.463212251663208008e-01	2.082572132349014282e-02	1.364705562591552734e-01	2.002596855163574219e-02	1.144373118877410889e-01	-9.188985079526901245e-02	1.093954816460609436e-01
-7.562593370676040649e-02	7.634165287017822266e-01	1.261884272098541260e-01	-5.758664011955261230e-02	3.159750998020172119e-01	-1.621804833412170410e-01	2.995654940605163574e-01	-1.543777287006378174e-01	2.088798135519027710e-01	-6.391972303390502930e-02	1.668861508369445801e-02	2.092065513134002686e-01	4.597509652376174927e-02	1.976346969604492188e-01	3.456807732582092285e-01	-1.030613929033279419e-01	1.093152314424514771e-01	-1.780516207218170166e-01	5.182154774665832520e-01	-2.940992414951324463e-01
1.168060377240180969e-01	8.383625149726867676e-01	-5.268901586532592773e-04	-6.008650735020637512e-02	2.486443817615509033e-01	-2.220072895288467407e-01	1.265817880630493164e-01	8.151386678218841553e-02	7.017971575260162354e-02	-1.502503007650375366e-01	-1.162708178162574768e-01	1.578539758920669556e-01	-5.113620311021804810e-02	-5.359524488449096680e-02	3.288953006267547607e-01	-3.128745406866073608e-02	3.600195050239562988e-03	-5.927030742168426514e-02	3.857197165489196777e-01	-2.097141444683074951e-01
3.155629849061369896e-03	6.050506234169006348e-01	7.458972930908203125e-02	7.022208720445632935e-02	1.666986942291259766e-01	-1.796056702733039856e-02	1.347297728061676025e-01	-1.186981648206710815e-01	2.754549384117126465e-01	-3.345322981476783752e-02	3.205553814768791199e-02	1.808526962995529175e-01	6.933709233999252319e-02	1.587772965431213379e-01	3.103884756565093994e-01	-4.144495725631713867e-02	6.354480981826782227e-02	-2.369669973850250244e-01	3.813504576683044434e-01	-1.374358534812927246e-01
2.432444691658020020e-01	3.611787855625152588e-01	-1.166605055332183838e-01	9.305394440889358521e-02	-1.912564933300018311e-01	6.549461930990219116e-02	-2.645505070686340332e-01	1.648680567741394043e-01	1.100137829780578613e-02	2.852110564708709717e-02	-1.473949402570724487e-01	-4.042187333106994629e-02	1.165473684668540955e-01	-3.352523222565650940e-02	1.719099730253219604e-01	4.008719231933355331e-03	-1.174284368753433228e-01	9.453897178173065186e-02	-2.673214673995971680e-02	3.512353450059890747e-02
1.357087641954421997e-01	9.782813787460327148e-01	-9.033083915710449219e-05	-2.059269398450851440e-01	3.131247162818908691e-01	-3.443439900875091553e-01	1.765468567609786987e-01	1.502180099487304688e-01	1.088614761829376221e-02	-2.182817012071609497e-01	-1.488948762416839600e-01	1.654750704765319824e-01	-1.663823127746582031e-01	-8.964284509420394897e-02	3.415694534778594971e-01	-7.203532755374908447e-02	1.603120565414428711e-02	-1.427125930786132812e-02	4.675968289375305176e-01	-2.814075946807861328e-01
2.245076745748519897e-01	6.353123188018798828e-01	-9.724245965480804443e-02	5.878747254610061646e-02	5.646958947181701660e-03	-1.941426694393157959e-01	-1.371139585971832275e-01	1.912117302417755127e-01	-5.788487195968627930e-02	-6.875672936439514160e-02	-1.757809966802597046e-01	-2.637505531311035156e-05	5.817637592554092407e-02	-1.617483496665954590e-01	2.633582353591918945e-01	-3.261204063892364502e-02	-1.064348593354225159e-01	9.358981251716613770e-02	1.373246163129806519e-01	-9.451017528772354126e-02
2.152776420116424561e-01	3.520954400300979614e-02	-1.125745177268981934e-01	1.911809109151363373e-02	-3.297771513462066650e-01	4.177025854587554932e-01	-2.651928365230560303e-01	-1.173538714647293091e-02	2.345904260873794556e-01	3.303541243076324463e-02	8.086960762739181519e-02	-9.220490604639053345e-02	7.987681776285171509e-02	2.389734089374542236e-01	7.994439452886581421e-02	9.441884607076644897e-02	1.596471667289733887e-02	1.555010676383972168e-04	-7.965669780969619751e-02	1.377995014190673828e-01
1.664231121540069580e-01	7.366000413894653320e-01	-4.476763308048248291e-02	1.397895254194736481e-02	1.362771689891815186e-01	-2.085838168859481812e-01	4.736699163913726807e-03	1.211129575967788696e-01	2.132426202297210693e-02	-1.125815957784652710e-01	-1.435040086507797241e-01	8.407993614673614502e-02	9.274743497371673584e-03	-1.065158993005752563e-01	2.979288697242736816e-01	-3.651133179664611816e-02	-4.559375345706939697e-02	2.995908260345458984e-03	2.722625136375427246e-01	-1.516107022762298584e-01
9.464044123888015747e-02	8.608376979827880859e-01	1.377378404140472412e-02	-8.871674537658691406e-02	2.755497694015502930e-01	-2.299449145793914795e-01	1.638890057802200317e-01	7.006826996803283691e-02	8.293326199054718018e-02	-1.530935913324356079e-01	-1.080531477928161621e-01	1.698926836252212524e-01	-6.292741745710372925e-02	-2.658393792808055878e-02	3.330455124378204346e-01	-3.875865042209625244e-02	1.080876588821411133e-02	-7.439343631267547607e-02	4.141538739204406738e-01	-2.321558594703674316e-01
1.613554656505584717e-01	2.249861955642700195e-01	-4.416286945343017578e-02	6.747180968523025513e-02	-2.051922082901000977e-01	3.552518784999847412e-01	-2.333050221204757690e-01	1.041464209556579590e-01	3.208527565002441406e-01	8.512483537197113037e-02	-5.575859546661376953e-02	4.089810699224472046e-02	9.016142785549163818e-02	1.403510421514511108e-01	1.247776299715042114e-01	7.019258290529251099e-02	-7.191889733076095581e-02	-1.369969248771667480e-01	5.504487454891204834e-02	1.176903769373893738e-01
-3.156904876232147217e-01	-1.028140708804130554e-01	3.097059130668640137e-01	5.453553795814514160e-02	4.556288570165634155e-02	8.024115562438964844e-01	3.989378213882446289e-01	-5.043699741363525391e-01	8.363947868347167969e-01	1.467865705490112305e-01	7.517880201339721680e-01	-6.500707566738128662e-02	2.376262098550796509e-02	8.089487552642822266e-01	1.987468153238296509e-01	2.227633595466613770e-01	2.050624489784240723e-01	-5.343774557113647461e-01	5.233781933784484863e-01	-1.678085029125213623e-01
1.962966024875640869e-01	7.822074890136718750e-01	-6.031090021133422852e-02	-1.312243565917015076e-02	1.484163403511047363e-01	-2.459721118211746216e-01	-1.291856914758682251e-02	1.757232695817947388e-01	-4.632920026779174805e-03	-1.303395330905914307e-01	-1.801217496395111084e-01	8.395558595657348633e-02	-3.106606006622314453e-02	-1.552958041429519653e-01	2.963009476661682129e-01	-4.007799178361892700e-02	-6.982225179672241211e-02	2.843952178955078125e-02	2.752270698547363281e-01	-1.545840799808502197e-01
2.134487777948379517e-02	3.713018894195556641e-01	2.970326691865921021e-02	1.440331637859344482e-01	-4.319416359066963196e-02	1.891947984695434570e-01	-4.743716865777969360e-02	-4.961926862597465515e-02	3.692631125450134277e-01	6.683137267827987671e-02	6.224642321467399597e-02	1.073061898350715637e-01	8.746624737977981567e-02	1.874507069587707520e-01	2.371631711721420288e-01	-1.023388095200061798e-02	1.450434327125549316e-02	-2.678113281726837158e-01	2.010359019041061401e-01	9.039189666509628296e-03
1.069236993789672852e-01	5.229230523109436035e-01	-1.977425813674926758e-02	1.275684386491775513e-01	1.641697436571121216e-02	7.324760407209396362e-02	-6.992778182029724121e-02	9.428630769252777100e-02	2.515237331390380859e-01	1.162514835596084595e-02	-9.956234693527221680e-02	1.248223483562469482e-01	4.650611430406570435e-02	2.950458414852619171e-02	2.378131449222564697e-01	-1.339376531541347504e-02	-6.774744391441345215e-02	-1.770175993442535400e-01	2.195840924978256226e-01	-2.278341352939605713e-02
2.852271869778633118e-02	5.115514397621154785e-01	3.064066171646118164e-02	1.266912221908569336e-01	6.514226645231246948e-02	6.851693242788314819e-02	3.300376981496810913e-02	-5.723514407873153687e-02	3.161811232566833496e-01	1.914847642183303833e-03	2.208681963384151459e-02	1.536237299442291260e-01	6.671937555074691772e-02	1.377790123224258423e-01	2.766052186489105225e-01	-2.741391956806182861e-02	2.549982070922851562e-02	-2.553221583366394043e-01	2.923148274421691895e-01	-6.373327970504760742e-02
4.556770026683807373e-01	3.879786133766174316e-01	-1.789229214191436768e-01	-2.356285452842712402e-01	-3.923184573650360107e-01	-6.329020857810974121e-01	-2.947601675987243652e-01	1.096923798322677612e-01	-9.892790317535400391e-01	-1.606998443603515625e-01	-1.214999407529830933e-01	-4.598868489265441895e-01	4.283005297183990479e-01	-2.861092388629913330e-01	2.520825862884521484e-01	6.459385156631469727e-02	6.843730807304382324e-03	9.406254291534423828e-01	-2.753050327301025391e-01	-2.592125236988067627e-01
1.117579564452171326e-01	1.160017728805541992e+00	3.020431101322174072e-02	-1.803652495145797729e-01	3.896553814411163330e-01	-4.369964599609375000e-01	4.877462983131408691e-01	-1.478967070579528809e-01	-8.327767997980117798e-02	-1.263813078403472900e-01	-2.599513232707977295e-01	4.170620441436767578e-01	-4.824952185153961182e-01	-1.311405301094055176e-01	5.472834110260009766e-01	3.748762607574462891e-02	-2.898223698139190674e-02	1.198584139347076416e-01	6.911591887474060059e-01	-2.139044106006622314e-01
-1.000006347894668579e-01	7.244411706924438477e-01	1.485868394374847412e-01	-4.209835827350616455e-02	3.034403622150421143e-01	-1.400906145572662354e-01	2.998350262641906738e-01	-1.950430870056152344e-01	2.233471125364303589e-01	-4.039139673113822937e-02	4.297976195812225342e-02	2.044206112623214722e-01	8.021377027034759521e-02	2.382891476154327393e-01	3.467561304569244385e-01	-1.110519468784332275e-01	1.254159957170486450e-01	-1.832355260848999023e-01	5.249366164207458496e-01	-2.949827909469604492e-01
7.994244992733001709e-02	8.218691349029541016e-01	2.390231192111968994e-02	-5.803697556257247925e-02	2.598603963851928711e-01	-2.040313929319381714e-01	1.591901481151580811e-01	3.876650705933570862e-02	9.051893651485443115e-02	-1.307723820209503174e-01	-9.434768557548522949e-02	1.618378609418869019e-01	-2.088337391614913940e-02	-5.264339502900838852e-03	3.308179974555969238e-01	-3.356681764125823975e-02	1.848474144935607910e-02	-7.434214651584625244e-02	4.037787318229675293e-01	-2.253588736057281494e-01
6.873270869255065918e-01	-2.210749089717864990e-01	2.956192195415496826e-01	-1.520472913980484009e-01	-1.467484831809997559e-01	-4.957182705402374268e-01	-1.208541542291641235e-01	2.430979311466217041e-01	-5.607846975326538086e-01	1.001739352941513062e-01	-1.245994716882705688e-01	-1.187397956848144531e+00	-6.769458204507827759e-02	-1.221570074558258057e-01	2.982898354530334473e-01	4.586092531681060791e-01	-1.936252415180206299e-01	3.813866972923278809e-01	1.524812221527099609e+00	-2.775495946407318115e-01
2.208050638437271118e-01	4.348812997341156006e-01	-1.000193655490875244e-01	1.078446879982948303e-01	-1.299982815980911255e-01	5.751558393239974976e-02	-2.346951216459274292e-01	2.047226130962371826e-01	7.101024687290191650e-02	3.166865557432174683e-02	-1.778598874807357788e-01	1.183592714369297028e-02	8.448004722595214844e-02	-6.156691536307334900e-02	1.904309242963790894e-01	-1.453803386539220810e-03	-1.432979255914688110e-01	1.831485331058502197e-02	3.107778728008270264e-02	2.625649422407150269e-02
3.741436079144477844e-02	6.743308901786804199e-01	4.686012864112854004e-02	4.400303959846496582e-02	1.894144117832183838e-01	-7.010322809219360352e-02	1.325774937868118286e-01	-5.629180371761322021e-02	2.234302014112472534e-01	-7.088120281696319580e-02	-1.252384763211011887e-02	1.765880733728408813e-01	3.628450259566307068e-02	9.374351054430007935e-02	3.154440522193908691e-01	-3.182554617524147034e-02	4.793067276477813721e-02	-1.906066834926605225e-01	3.839727044105529785e-01	-1.525162160396575928e-01
-2.435283213853836060e-01	6.036986708641052246e-01	2.094373404979705811e-01	-1.705391332507133484e-02	2.596890032291412354e-01	-1.397477388381958008e-01	2.857136130332946777e-01	-3.380677402019500732e-01	2.091427594423294067e-01	4.673314467072486877e-02	1.697061657905578613e-01	1.746860295534133911e-01	1.605009585618972778e-01	3.976341784000396729e-01	3.871321976184844971e-01	-2.048898488283157349e-01	2.193028032779693604e-01	-1.215969324111938477e-01	4.898047447204589844e-01	-3.692103326320648193e-01
2.170081287622451782e-01	-9.926371276378631592e-03	-3.004333376884460449e-02	-3.258213028311729431e-02	-2.811678647994995117e-01	4.822869002819061279e-01	-2.415876537561416626e-01	-7.184916734695434570e-02	2.949345111846923828e-01	3.375699743628501892e-02	8.960623294115066528e-02	-1.069394350051879883e-01	1.011760830879211426e-01	2.919487655162811279e-01	3.169959783554077148e-02	1.277378797531127930e-01	-7.349714636802673340e-03	5.030021071434020996e-03	-5.966201424598693848e-03	1.371524035930633545e-01
1.531385034322738647e-01	1.022724866867065430e+00	2.478902786970138550e-02	-2.096519321203231812e-01	3.796754479408264160e-01	-4.254952669143676758e-01	2.229505926370620728e-01	8.090876042842864990e-02	6.904406845569610596e-02	-2.693332731723785400e-01	-1.628775298595428467e-01	2.173407524824142456e-01	-2.332753241062164307e-01	-5.378308892250061035e-02	3.627598285675048828e-01	-1.889439821243286133e-01	6.986984610557556152e-02	-1.007123142480850220e-01	5.597770810127258301e-01	-2.865494489669799805e-01
1.899293661117553711e-01	6.749731302261352539e-01	-7.452102005481719971e-02	6.004417687654495239e-02	6.754075735807418823e-02	-1.634413152933120728e-01	-7.324300706386566162e-02	1.749936789274215698e-01	2.456961572170257568e-02	-7.468008995056152344e-02	-1.688496321439743042e-01	6.026983261108398438e-02	2.323658019304275513e-02	-1.274750232696533203e-01	2.728463411331176758e-01	-3.464634716510772705e-02	-9.258034080266952515e-02	7.839277386665344238e-03	2.059520930051803589e-01	-1.034929379820823669e-01
3.358035087585449219e-01	2.038031220436096191e-01	-1.891447007656097412e-01	1.145048625767230988e-02	-3.431055843830108643e-01	-3.149613738059997559e-02	-3.320821821689605713e-01	5.297192558646202087e-02	-2.728959918022155762e-01	-4.121391102671623230e-02	-7.355166971683502197e-02	-2.157859951257705688e-01	1.942365169525146484e-01	3.194610122591257095e-03	1.463346928358078003e-01	1.342723146080970764e-03	-2.703794836997985840e-02	3.995839655399322510e-01	-2.236421406269073486e-01	1.386814191937446594e-02
3.243956714868545532e-02	6.966138482093811035e-01	5.084164440631866455e-02	2.645412273705005646e-02	2.060762941837310791e-01	-9.633545577526092529e-02	1.449579149484634399e-01	-6.241437420248985291e-02	1.920555382966995239e-01	-7.967029511928558350e-02	-1.237216684967279434e-02	1.749078780412673950e-01	3.993590176105499268e-02	9.465688467025756836e-02	3.251188397407531738e-01	-3.233169019222259521e-02	5.788441002368927002e-02	-1.606938540935516357e-01	3.926022052764892578e-01	-1.747302412986755371e-01
1.882124394178390503e-01	4.827116727828979492e-01	-8.050857484340667725e-02	1.246464326977729797e-01	-7.478293776512145996e-02	5.519300699234008789e-02	-1.898923814296722412e-01	1.970447301864624023e-01	1.311801820993423462e-01	2.610668726265430450e-02	-1.721759438514709473e-01	5.388142913579940796e-02	6.321975588798522949e-02	-5.550936982035636902e-02	2.084115594625473022e-01	-6.491692736744880676e-03	-1.355782747268676758e-01	-5.080057680606842041e-02	9.660337865352630615e-02	1.089702546596527100e-02
2.946545779705047607e-01	1.361690908670425415e-01	-1.675204932689666748e-01	2.857810072600841522e-02	-3.466117978096008301e-01	1.761399060487747192e-01	-3.198855519294738770e-01	5.614444985985755920e-02	-5.890405178070068359e-02	9.029272943735122681e-03	-4.184181615710258484e-02	-1.571282297372817993e-01	1.414206624031066895e-01	9.236326068639755249e-02	1.092646345496177673e-01	3.301192075014114380e-02	-3.097687661647796631e-02	2.304583489894866943e-01	-1.828497201204299927e-01	8.533398061990737915e-02
2.414279282093048096e-01	4.679539799690246582e-01	-1.078166365623474121e-01	9.576334059238433838e-02	-1.235251873731613159e-01	-1.882184855639934540e-02	-2.352951765060424805e-01	2.063233256340026855e-01	-6.165295839309692383e-03	1.170339435338973999e-02	-1.910230815410614014e-01	-1.499304734170436859e-02	9.767381101846694946e-02	-1.019600778818130493e-01	1.999105960130691528e-01	-1.071631442755460739e-02	-1.470579206943511963e-01	8.020424842834472656e-02	2.320863306522369385e-02	2.465583384037017822e-04
1.305658966302871704e-01	3.195502460002899170e-01	-4.867164790630340576e-02	1.206580325961112976e-01	-1.425816416740417480e-01	2.793858647346496582e-01	-1.947924792766571045e-01	1.214374154806137085e-01	3.199844360351562500e-01	7.583782821893692017e-02	-6.795643270015716553e-02	8.155860751867294312e-02	6.696874648332595825e-02	1.025631800293922424e-01	1.720975637435913086e-01	3.906367719173431396e-02	-7.999710738658905029e-02	-1.797126978635787964e-01	9.164895117282867432e-02	8.265382051467895508e-02
6.571567654609680176e-01	-1.474177241325378418e-01	2.901516556739807129e-01	-3.073934316635131836e-01	-1.150891929864883423e-01	-5.849230289459228516e-01	-5.895207077264785767e-02	2.730550169944763184e-01	-6.240476965904235840e-01	8.985780179500579834e-02	-1.083207726478576660e-01	-1.184946537017822266e+00	-2.063900828361511230e-01	-1.351450681686401367e-01	3.667948246002197266e-01	4.958038032054901123e-01	-2.574369013309478760e-01	2.723478972911834717e-01	1.496844053268432617e+00	-3.379862606525421143e-01
4.295851290225982666e-02	8.675887584686279297e-01	4.854036867618560791e-02	-1.043456569314002991e-01	3.128986358642578125e-01	-2.203405350446701050e-01	2.348634153604507446e-01	1.895042136311531067e-02	1.230549067258834839e-01	-1.406586617231369019e-01	-7.984393090009689331e-02	1.927782297134399414e-01	-5.438659340143203735e-02	3.570974990725517273e-02	3.398805856704711914e-01	-5.698465555906295776e-02	4.154492914676666260e-02	-1.182308197021484375e-01	4.712486267089843750e-01	-2.671714425086975098e-01
1.601352393627166748e-01	2.441807091236114502e-01	-5.419206619262695312e-02	8.283381909132003784e-02	-1.978577822446823120e-01	3.397108316421508789e-01	-2.324731349945068359e-01	1.192684620618820190e-01	3.151339888572692871e-01	8.448101580142974854e-02	-6.391412764787673950e-02	4.843693226575851440e-02	8.038108795881271362e-02	1.269290149211883545e-01	1.343768537044525146e-01	6.281740963459014893e-02	-8.071711659431457520e-02	-1.428655385971069336e-01	5.068345367908477783e-02	1.141216084361076355e-01
2.840464562177658081e-02	1.026360869407653809e+00	2.511451542377471924e-01	-1.810077279806137085e-01	4.661680161952972412e-01	-4.350707530975341797e-01	3.179668188095092773e-01	5.724859610199928284e-02	1.057405322790145874e-01	-4.047348499298095703e-01	-3.095671236515045166e-01	1.705996543169021606e-01	-3.023800253868103027e-01	-8.671930432319641113e-02	5.064672827720642090e-01	-1.175671517848968506e-01	1.959653794765472412e-01	-1.110773980617523193e-01	6.086595654487609863e-01	-2.402925193309783936e-01
4.620919376611709595e-02	5.560538768768310547e-01	9.545281529426574707e-03	1.234918758273124695e-01	8.323290199041366577e-02	3.676905855536460876e-02	3.682583570480346680e-02	-1.380475983023643494e-02	2.948510646820068359e-01	-1.630369946360588074e-02	-8.569710887968540192e-03	1.574167907238006592e-01	4.137429594993591309e-02	1.007559001445770264e-01	2.800339162349700928e-01	-3.077572770416736603e-02	8.629500865936279297e-03	-2.446278631687164307e-01	2.946380972862243652e-01	-7.014603912830352783e-02
5.801900103688240051e-02	6.506862044334411621e-01	1.742438971996307373e-02	6.868579238653182983e-02	1.484164297580718994e-01	-6.231800839304924011e-02	8.708679676055908203e-02	-1.931649073958396912e-02	2.124557942152023315e-01	-6.730388104915618896e-02	-2.708327025175094604e-02	1.582635492086410522e-01	2.967647463083267212e-02	6.468500941991806030e-02	3.072731792926788330e-01	-3.495350480079650879e-02	3.078109025955200195e-02	-1.766724735498428345e-01	3.388652801513671875e-01	-1.291943192481994629e-01
3.363855779170989990e-01	-1.991927027702331543e-01	-7.220853865146636963e-02	-1.107971817255020142e-01	-3.049414157867431641e-01	4.622673988342285156e-01	-2.226109057664871216e-01	-2.681750059127807617e-01	-4.177525639533996582e-03	-6.704193353652954102e-02	1.778823137283325195e-01	-3.186134994029998779e-01	6.999777257442474365e-02	4.178229868412017822e-01	-6.658072024583816528e-02	1.642192751169204712e-01	-5.216988921165466309e-02	3.740100562572479248e-01	-2.113097757101058960e-01	7.224045693874359131e-02
3.532816171646118164e-01	-1.791736185550689697e-01	-6.624254584312438965e-02	-1.063169166445732117e-01	-3.029725551605224609e-01	4.346389174461364746e-01	-2.545103728771209717e-01	-2.119674235582351685e-01	1.806497573852539062e-03	-4.643845930695533752e-02	1.260816603899002075e-01	-3.238240182399749756e-01	8.702883124351501465e-02	3.850905299186706543e-01	-7.793145626783370972e-02	1.440636217594146729e-01	-7.192635536193847656e-02	3.853831887245178223e-01	-2.021594643592834473e-01	9.042167663574218750e-02
8.668494224548339844e-02	2.786522507667541504e-01	3.399938344955444336e-03	9.806136786937713623e-02	-1.345916092395782471e-01	3.381299078464508057e-01	-1.592711806297302246e-01	5.536155030131340027e-02	4.012357592582702637e-01	9.073120355606079102e-02	-1.393591146916151047e-02	9.162491559982299805e-02	8.264848589897155762e-02	1.746708005666732788e-01	1.605118811130523682e-01	4.849226027727127075e-02	-4.199713468551635742e-02	-2.394900321960449219e-01	1.413351744413375854e-01	8.779720962047576904e-02
2.713335752487182617e-01	1.122577860951423645e-01	-1.523301899433135986e-01	2.715326659381389618e-02	-3.442142903804779053e-01	2.397987246513366699e-01	-3.070355057716369629e-01	3.750951215624809265e-02	2.028271555900573730e-02	1.882692426443099976e-02	-8.470461703836917877e-03	-1.394033133983612061e-01	1.283283680677413940e-01	1.309485435485839844e-01	1.037255600094795227e-01	4.928038269281387329e-02	-1.595720648765563965e-02	1.669170558452606201e-01	-1.531708389520645142e-01	1.009503901004791260e-01
1.877868026494979858e-01	2.846963405609130859e-01	-7.832841575145721436e-02	9.417303651571273804e-02	-1.942253112792968750e-01	2.602517008781433105e-01	-2.475144118070602417e-01	1.459595113992691040e-01	2.232874482870101929e-01	7.100521773099899292e-02	-1.016359925270080566e-01	2.749596349895000458e-02	8.511429280042648315e-02	7.347450405359268188e-02	1.448437869548797607e-01	4.099992662668228149e-02	-1.012598425149917603e-01	-7.263195514678955078e-02	2.039344608783721924e-02	9.463286399841308594e-02
-6.851676106452941895e-02	4.454898834228515625e-01	1.744313091039657593e-01	8.623874187469482422e-02	1.035353019833564758e-01	-3.664347808808088303e-03	1.080758869647979736e-01	-2.563901543617248535e-01	2.347119599580764771e-01	1.016718447208404541e-01	1.232685968279838562e-01	9.513749182224273682e-02	2.105104029178619385e-01	2.814361751079559326e-01	3.045903742313385010e-01	-8.868316560983657837e-02	7.073207199573516846e-02	-1.748272776603698730e-01	2.928509712219238281e-01	-1.288703978061676025e-01
-1.390217244625091553e-01	6.477865576744079590e-01	1.677905917167663574e-01	-1.294322125613689423e-02	2.617248594760894775e-01	-1.002903878688812256e-01	2.668418884277343750e-01	-2.392768859863281250e-01	2.303728610277175903e-01	5.358781665563583374e-03	9.277117997407913208e-02	1.909229606389999390e-01	1.236573308706283569e-01	2.981887459754943848e-01	3.579379916191101074e-01	-1.201410889625549316e-01	1.465104222297668457e-01	-1.730878055095672607e-01	4.837080836296081543e-01	-2.910462319850921631e-01
2.893406748771667480e-01	4.521189033985137939e-01	-1.468552947044372559e-01	6.585900485515594482e-02	-1.763156354427337646e-01	-1.741165518760681152e-01	-2.592936754226684570e-01	1.600875258445739746e-01	-2.061597555875778198e-01	-4.738336428999900818e-02	-1.542483866214752197e-01	-1.221548467874526978e-01	1.499707400798797607e-01	-1.413751840591430664e-01	2.188799828290939331e-01	-2.629207260906696320e-02	-9.657270461320877075e-02	2.671599090099334717e-01	-5.235525965690612793e-02	-4.534064233303070068e-02
5.321002602577209473e-01	-1.252855360507965088e-01	-3.116234242916107178e-01	-3.740729764103889465e-02	-4.907449483871459961e-01	-2.523829787969589233e-02	-4.452564716339111328e-01	1.624890565872192383e-01	-5.670919418334960938e-01	-5.542601272463798523e-02	-5.061472952365875244e-02	-4.739050865173339844e-01	1.124759241938591003e-01	1.763230711221694946e-01	9.636006318032741547e-03	-6.136958301067352295e-02	2.369230985641479492e-02	8.727304935455322266e-01	-6.066485643386840820e-01	5.382831022143363953e-02
-1.116452068090438843e-01	-1.478240489959716797e-01	3.346590399742126465e-01	-7.806333154439926147e-02	-1.071544215083122253e-01	6.885632872581481934e-01	2.256367653608322144e-01	-4.732325375080108643e-01	5.598638057708740234e-01	1.425786018371582031e-01	6.619660258293151855e-01	-2.047371119260787964e-01	2.467201948165893555e-01	5.809336900711059570e-01	8.317514508962631226e-02	2.996039688587188721e-01	1.243627071380615234e-01	-3.092049360275268555e-01	3.422065377235412598e-01	-6.437475979328155518e-02
2.453466504812240601e-01	1.621441394090652466e-01	-1.377480924129486084e-01	5.818225443363189697e-02	-3.061002492904663086e-01	2.390371859073638916e-01	-2.929833233356475830e-01	7.113069295883178711e-02	7.393647730350494385e-02	3.551613911986351013e-02	-3.074519336223602295e-02	-9.250018000602722168e-02	1.147718280553817749e-01	1.096265614032745361e-01	1.197941452264785767e-01	4.314521700143814087e-02	-4.087381064891815186e-02	9.694932401180267334e-02	-1.075289696455001831e-01	9.730081260204315186e-02
2.486888915300369263e-01	2.776606082916259766e-01	-1.308315098285675049e-01	8.377178013324737549e-02	-2.459374666213989258e-01	1.177706271409988403e-01	-2.816224694252014160e-01	1.223569959402084351e-01	9.367316961288452148e-03	2.909234166145324707e-02	-1.005333289504051208e-01	-7.166859507560729980e-02	1.257928758859634399e-01	2.000220865011215210e-02	1.531174331903457642e-01	1.416288502514362335e-02	-8.363571017980575562e-02	1.187492460012435913e-01	-7.124742865562438965e-02	5.501468107104301453e-02
1.760577410459518433e-01	4.883460700511932373e-01	-6.792779266834259033e-02	1.209433600306510925e-01	-6.100729852914810181e-02	5.606010183691978455e-02	-1.721902340650558472e-01	1.780612468719482422e-01	1.471274942159652710e-01	2.223157137632369995e-02	-1.591555774211883545e-01	6.180103868246078491e-02	6.426449865102767944e-02	-4.429228976368904114e-02	2.126001864671707153e-01	-5.343331024050712585e-03	-1.226271241903305054e-01	-6.663081049919128418e-02	1.188171356916427612e-01	3.500863909721374512e-03
1.233089566230773926e-01	1.014861345291137695e+00	2.457685768604278564e-02	-2.050563097000122070e-01	3.600230515003204346e-01	-4.004881978034973145e-01	2.368119806051254272e-01	1.056314110755920410e-01	1.381598412990570068e-02	-2.357957214117050171e-01	-1.601556688547134399e-01	1.826170235872268677e-01	-1.842118203639984131e-01	-7.234934717416763306e-02	3.490858972072601318e-01	-1.389886885881423950e-01	4.797697067260742188e-02	-3.693532943725585938e-02	5.249235033988952637e-01	-3.135521411895751953e-01
