2.392815049593220722e-02
2.221846023404847048e-03
5.162495384805441002e-04
4.505694578911262761e-04
4.025901899314446829e-04
3.606740986638756362e-04
3.154543727888516600e-04
2.710861698892019084e-04
2.284774429900403899e-04
1.898691218350872199e-04
1.757635366420875697e-04
1.666166091754121728e-04
1.584994295077305577e-04
1.492560218554957478e-04
1.411952033074291525e-04
1.358517427968088272e-04
1.278870803216302103e-04
1.205621302987892570e-04
1.147867666465201880e-04
1.088294924244573547e-04
1.032263713074884221e-04
9.893398562685194091e-05
9.403709375665205382e-05
8.573999989279894340e-05
7.938173220788291215e-05
7.553635063675333240e-05
7.165371136574740852e-05
6.910476316726918812e-05
6.653847197808230088e-05
6.549093083482057068e-05
6.151343938888765217e-05
6.146488842527625114e-05
5.917162498587566748e-05
5.873808847236255953e-05
5.669537509231727823e-05
5.546695495788117787e-05
5.427051093390629523e-05
5.330138103740574641e-05
5.421892997735874051e-05
4.904047046917673713e-05
5.039568572897538728e-05
4.960689348030972292e-05
4.868573677894424333e-05
4.767354920636598193e-05
4.722771697448388631e-05
4.532698124489608634e-05
4.650322641441121166e-05
4.461801006055438480e-05
4.524230609901560559e-05
4.409272099556169267e-05
4.367440228848369610e-05
4.142991090304646548e-05
4.297284414603792958e-05
4.170953471151018024e-05
4.043199399264801701e-05
4.132894892410802042e-05
4.013232026515054868e-05
4.186981243838896577e-05
3.793997282607814770e-05
3.847942531853462532e-05
3.861792263761291630e-05
3.944792777454348754e-05
3.798799251881492499e-05
3.742832451378520282e-05
3.741572449007813246e-05
3.702281152234068588e-05
3.617275447606940075e-05
3.641492722255604660e-05
3.610412291246447279e-05
3.552427758356147718e-05
3.566225881352433488e-05
3.389568532801102909e-05
3.536926091822294014e-05
3.468283982613701652e-05
3.350581829078170420e-05
3.363868082913671888e-05
3.361283509591059113e-05
3.232086800736016401e-05
3.304898866059334723e-05
3.231599406304400211e-05
3.211623403744209761e-05
3.146341056645998691e-05
3.076195476610223774e-05
3.177441626538392218e-05
3.100590727530958728e-05
3.024702015972355779e-05
3.078456504120965137e-05
2.902853775897174240e-05
2.952436263205572518e-05
2.919708666748978618e-05
2.933964156239342568e-05
2.929184960864159953e-05
2.846717579108714520e-05
2.817372396471265141e-05
2.815898088427935209e-05
2.749483794553338984e-05
2.732564123744697095e-05
2.827518705255738915e-05
2.605554581353108107e-05
2.750210118533800345e-05
1.847245715696147194e-05
1.832033226151942240e-05
1.835991192152439949e-05
1.890867220543320545e-05
1.998161235122430010e-05
2.019160688543399367e-05
1.980270314669827398e-05
1.955784377301759418e-05
1.968649034994222752e-05
1.950121363696279066e-05
1.971469016282040900e-05
1.912816284688601107e-05
1.899623877101692758e-05
1.921089692196471579e-05
1.929256803959713149e-05
1.862099389929370877e-05
1.873994544661188372e-05
1.861115148871617228e-05
1.874152384065523602e-05
1.853670762916169134e-05
1.841697808092836010e-05
1.831152889447208018e-05
1.807652879103249430e-05
1.823186257273559142e-05
1.825994463754209039e-05
1.807214010119005454e-05
1.789607218078674786e-05
1.791204370639204213e-05
1.788446299235192614e-05
1.753222545189815195e-05
1.769661035103635557e-05
1.743953899800302631e-05
1.760849128127787432e-05
1.730419983251318305e-05
1.748543885258191526e-05
1.735387800017583368e-05
1.702929760406901195e-05
1.731958401349432470e-05
1.689178412899483323e-05
1.710889490246382522e-05
1.690883730581562911e-05
1.677630300183104688e-05
1.685930372765555369e-05
1.678245953270740464e-05
1.664717532992230815e-05
1.647265127299619980e-05
1.670222735410385964e-05
1.642453127886588557e-05
1.625096853516516700e-05
1.653977609864727116e-05
1.633056678336469540e-05
1.611213530769743733e-05
1.616920599190052599e-05
1.621822026874089574e-05
1.600881871247987725e-05
1.579161680940533154e-05
1.599527060227091911e-05
1.588115672277524607e-05
1.578322218968390949e-05
1.576803637428403945e-05
1.568556193348924548e-05
1.548578801856797241e-05
1.563563042242432146e-05
1.570852222045241063e-05
1.526334370363331623e-05
1.556184380002035366e-05
1.549873614192448995e-05
1.521237271570554080e-05
1.535876241313948869e-05
1.518870556618496830e-05
1.517037651820045140e-05
1.518937575418732359e-05
1.524834382321399823e-05
1.505191606023059293e-05
1.494184025155200992e-05
1.475048462210972462e-05
1.512366796914975701e-05
1.496449582251881946e-05
1.467980068671427386e-05
1.454494135148182796e-05
1.483776548038829492e-05
1.475138681566012501e-05
1.444104176764105559e-05
1.466604430221860972e-05
1.435997404557668324e-05
1.441608416984777536e-05
1.434302135910261531e-05
1.435349769378572796e-05
1.430076692304786829e-05
1.403785650569599255e-05
1.423787202750688309e-05
1.413393312880511096e-05
1.407896093230880318e-05
1.392441427418101088e-05
1.404848699721167819e-05
1.386595444137506545e-05
1.376925759200716753e-05
1.370892960669626381e-05
1.394903212405597346e-05
1.366960803281870210e-05
1.368377887732515360e-05
1.333399617014494176e-05
1.388092827144752320e-05
1.353774077265534355e-05
1.342486682164704066e-05
1.347774876249733900e-05
1.350298190569305765e-05
1.341537151808484193e-05
1.325163331502836389e-05
1.320366238481223284e-05
1.333125902442526069e-05
1.306597577066772106e-05
1.336651107685661691e-05
1.309481813777363882e-05
1.312841472341395315e-05
1.294500411342717622e-05
1.318423552507546886e-05
1.294565305553252205e-05
1.302320657068927391e-05
1.297355916964517672e-05
1.272882720584277524e-05
1.293694170743042864e-05
1.259202059458569094e-05
1.272530674332478076e-05
1.301484986127678561e-05
1.253226086710708009e-05
1.261763285220793586e-05
1.276169576742776575e-05
1.264194515217311609e-05
1.268011062097873718e-05
1.250053457418155755e-05
1.235518091718172585e-05
1.249097822740086452e-05
1.241529810883001931e-05
1.255349656316249277e-05
1.244705041557144996e-05
1.220082134790865351e-05
1.241726389219005682e-05
1.236734359864634979e-05
1.224681248955409008e-05
1.215857401901333296e-05
1.211126992476991498e-05
1.218660144989363923e-05
1.240555891456394363e-05
1.206593062251211557e-05
1.237497167053548241e-05
1.189745338519982249e-05
1.227762745241249238e-05
1.197722956180328142e-05
1.179886903074095002e-05
1.184315790440883923e-05
1.199833340380131785e-05
1.197727548120821592e-05
1.178704434748807649e-05
1.198062088615112748e-05
1.184096681956004106e-05
1.175197477093415627e-05
1.199100587204298032e-05
1.176622139700814899e-05
1.162849609154817265e-05
1.175462438093801106e-05
1.168572733683738592e-05
1.153771323147855489e-05
1.176175746096554730e-05
1.153062014150476079e-05
1.179034878108032862e-05
1.157547001846202751e-05
1.156577430610469925e-05
1.140173000391449163e-05
1.165175544858629179e-05
1.154145682504296822e-05
1.132774523385526955e-05
1.127314546662152152e-05
1.164762663236847217e-05
1.144232254625026262e-05
1.143759431759770458e-05
1.131234557634794106e-05
1.135853798967475515e-05
1.121842019793674509e-05
1.125009797020171001e-05
1.136645373398224664e-05
1.124614601165305894e-05
1.126595083950031047e-05
1.115002375760754504e-05
1.125763915637400037e-05
1.110342989936587038e-05
1.107594199913410025e-05
1.107515676886978695e-05
1.131708136060883941e-05
1.090365052117794794e-05
1.122606085032946029e-05
1.107579116787772068e-05
1.098880789072294364e-05
1.096559798399509227e-05
1.088642397728330003e-05
1.104480175335413983e-05
1.103978429530891466e-05
1.093091069250227366e-05
1.079631435743994527e-05
1.080652828652565267e-05
1.079824253911459811e-05
1.088558009594791448e-05
1.075660928164272157e-05
1.089350256824875999e-05
1.080548350259745872e-05
1.055554649053930574e-05
1.064839918671322270e-05
1.092325162977013153e-05
1.054047809695193489e-05
1.065551675242393457e-05
1.076088103717189718e-05
1.050791107065122131e-05
1.072725997327528925e-05
1.063423666370538562e-05
1.056234013505113631e-05
1.073202441165804512e-05
1.037345135378610323e-05
1.065177453569845307e-05
1.037223691760382984e-05
1.032424441145244819e-05
1.054008003933797992e-05
1.044940604779966335e-05
1.043969956133127688e-05
1.040657409268679386e-05
1.033129522251948733e-05
1.021934690407531862e-05
1.061001137416615401e-05
1.035052674874388242e-05
1.001735278535853565e-05
1.028469288783758017e-05
1.027191746140092736e-05
1.002823655603241004e-05
1.019633111652064818e-05
1.035070358877742013e-05
1.025889389281355526e-05
1.006343392415005686e-05
1.012013791948858375e-05
1.018507034139757100e-05
1.007847385256876289e-05
1.013431714595867310e-05
9.886712213102477303e-06
1.005596292275173403e-05
9.857802702109309326e-06
1.009431013303671409e-05
9.917887362316228791e-06
1.013362636457766819e-05
9.889495583071577353e-06
9.772821866493679776e-06
9.909902326353529475e-06
9.896530606469508125e-06
9.828601437308818296e-06
9.965827921455822633e-06
9.773688448665659198e-06
9.565968706828901531e-06
9.970850913310223945e-06
9.714981157719554798e-06
9.756784374809371088e-06
9.803375910186461691e-06
9.733392538908653419e-06
9.597981578763638459e-06
9.765906948043588491e-06
9.669572779213187358e-06
9.531184454634996085e-06
9.705214700027119684e-06
9.791598610095925023e-06
9.590231324701232121e-06
9.600203975675876094e-06
9.557104248694922453e-06
9.655100944867341551e-06
9.482873330571011070e-06
9.491860137157074050e-06
9.536848297619023615e-06
9.559035350956092666e-06
9.617796252331928508e-06
9.430020601884333745e-06
9.734059033505931561e-06
9.585575912310774737e-06
9.339718787670986663e-06
9.426363257894346606e-06
9.460878676303225579e-06
9.476966894361695391e-06
9.330571467866939934e-06
9.230497543741317362e-06
9.339315231519117243e-06
9.420599185318994268e-06
9.353026568313911138e-06
9.337041894085765749e-06
9.243649301953808130e-06
9.368835144464721652e-06
9.303647090300451577e-06
9.268637988845758823e-06
9.314392956635715582e-06
9.144191505062364964e-06
9.207955121725472619e-06
9.356207401324253897e-06
9.071531286807791263e-06
9.191696809262451661e-06
9.197017421290972525e-06
9.161604242173598995e-06
9.319303856417342750e-06
9.167034080484801452e-06
8.946957662719343579e-06
9.253395558030546949e-06
9.182654253926357738e-06
8.889929215853306069e-06
9.163191091242488351e-06
8.931624122453582973e-06
9.430236470829704654e-06
8.947404987988812359e-06
8.976114969449040863e-06
9.212846725607042359e-06
8.882868091720998345e-06
9.086792883775204226e-06
8.880864316172309910e-06
8.931287746719914221e-06
9.042914168283741638e-06
8.873407105837691311e-06
9.051906866430359464e-06
8.870154124199862750e-06
9.001566471993215117e-06
8.982970770743515214e-06
8.760974457530757245e-06
8.973793278893628999e-06
8.908923120840762746e-06
8.693283114936142296e-06
9.116585229434314219e-06
8.633915669402225052e-06
8.974636493854088457e-06
8.939472338668998428e-06
8.652481819632243146e-06
8.979502082660061323e-06
8.680318565248724486e-06
8.879616427716768653e-06
8.789289414705618887e-06
8.700256659263545789e-06
8.746196197792003628e-06
8.673588818408290362e-06
8.716420296099426450e-06
8.841662634355325413e-06
8.594143569388105821e-06
8.825233855879806665e-06
8.536782324302184921e-06
8.780597668607756153e-06
8.843490427717972456e-06
8.689867597021478740e-06
8.542255771750618688e-06
8.659592245431639300e-06
8.606302999598126020e-06
8.458348026511165239e-06
8.669748099123668789e-06
8.788416118396851688e-06
8.675410339784621341e-06
8.571464068129261150e-06
8.552658620017639996e-06
8.458905542984287445e-06
8.650873858193266957e-06
8.562155003132413577e-06
8.516390396210245220e-06
8.478902484581501194e-06
8.639275943965621054e-06
8.508932627833863121e-06
8.525844834235572962e-06
8.534477601743494757e-06
8.422694826451303734e-06
8.223628046180036654e-06
8.684894217977089079e-06
8.462753564679970314e-06
8.477212847495054794e-06
8.425274523773789638e-06
8.436460400370583647e-06
8.307919023765932698e-06
8.423345272624065288e-06
8.409014151720965288e-06
8.469478287884850938e-06
8.431585496172199883e-06
8.395458663519667417e-06
8.406896472668228361e-06
8.312064302845604744e-06
8.310979572952746617e-06
8.245849689918439558e-06
8.363952648447352039e-06
8.367693125543769630e-06
8.360277652450084571e-06
8.288203837832762934e-06
8.181579197497590745e-06
8.267965356109392168e-06
8.343526311978985514e-06
8.340992711677436391e-06
8.322287418835550379e-06
8.208164440613795014e-06
8.262926022323181891e-06
8.205618772501660092e-06
8.186545129266804374e-06
8.360109257364582277e-06
8.125945208819133458e-06
8.124025026162979724e-06
8.167783808024162980e-06
8.271856748861282336e-06
8.233434981425450638e-06
8.207139353166428082e-06
8.187887168059611667e-06
8.132503266490068963e-06
8.217849517425739365e-06
8.111507302908603547e-06
8.110494782108251257e-06
8.191861761941083214e-06
8.221264200167290815e-06
7.910296158355011975e-06
8.097803779958180658e-06
8.150820169823036249e-06
8.128921564242259982e-06
8.108090420751887332e-06
8.064324048011102072e-06
8.120022837557217145e-06
7.897318203068402819e-06
8.095900377605244697e-06
8.052197082478997094e-06
8.263235610792539227e-06
7.913307114886819227e-06
8.020630130001974166e-06
7.864706486188350777e-06
8.068974010991478016e-06
8.108739841538655324e-06
7.989128911821382075e-06
7.884187603204607445e-06
7.995033293479646030e-06
7.932156373685743557e-06
8.075198170734946903e-06
7.911319973517546758e-06
7.952339659662096907e-06
7.894685414937467917e-06
7.956347700778086351e-06
7.876099671521033724e-06
7.906948935682385631e-06
8.009861017385231963e-06
8.071679631760457350e-06
7.858052738211626593e-06
7.912056179246120232e-06
7.814940418130211197e-06
7.855653716672494446e-06
7.770264279854743146e-06
7.909700380120016048e-06
7.883894082684929841e-06
7.818420288463622086e-06
7.923155027781333078e-06
7.873415028335529827e-06
7.626175213513017058e-06
7.960153050544375560e-06
7.980306703621331622e-06
7.925808788456991747e-06
7.759496562342410543e-06
7.751883301234380519e-06
8.026065332064477985e-06
7.616689023793154825e-06
7.672129080991936802e-06
7.845720705558343098e-06
7.592511994159075154e-06
7.849676317202057966e-06
7.604413280925876770e-06
7.787383432832058474e-06
7.732596886626826632e-06
7.781865098922809579e-06
7.631359458022229960e-06
7.852046331906707255e-06
7.637780355830135436e-06
7.705163814313193571e-06
7.541672084320895993e-06
7.743976621641396742e-06
7.641187763873759774e-06
7.674988597838084287e-06
7.743431608830891614e-06
7.680011456165561273e-06
7.611944632084477171e-06
7.638234230217270579e-06
7.444478640768327557e-06
7.593098307098793778e-06
7.717716880632455000e-06
7.475380184499087634e-06
7.558794138359564711e-06
7.630518398387857310e-06
7.654165195130180045e-06
7.603052062754147374e-06
7.512297385683092466e-06
7.599406630373440889e-06
7.439375342547260363e-06
7.605758050092320835e-06
7.516840687105457792e-06
7.487804145400088193e-06
7.593026129498486723e-06
7.477085276697023740e-06
7.563530144325542460e-06
7.423672959350540796e-06
7.509175873897812648e-06
7.442189458979908023e-06
7.605465104620194040e-06
7.382712706543280778e-06
7.472685651503467259e-06
7.483243266292032205e-06
7.411011495623270292e-06
7.438709621398385527e-06
7.684522611611065490e-06
7.397091628825118082e-06
7.385137739378947742e-06
7.366837455109138873e-06
7.455949637655686945e-06
7.322451643414545347e-06
7.441625622652327197e-06
7.522145735689324665e-06
7.253675693116802800e-06
7.615694267112310902e-06
7.491748228379660308e-06
7.314689458847539593e-06
7.457885353523983804e-06
7.351568942454867961e-06
7.499449073701501850e-06
7.263431064295566025e-06
7.411525927619195301e-06
7.331845091128273007e-06
7.333529074105343343e-06
7.195669282470017466e-06
7.282979687989204132e-06
7.411596409049674569e-06
7.368193135062784843e-06
7.206882557279779769e-06
7.350488038234321700e-06
7.296404079205586974e-06
7.277029415268982548e-06
7.301389321991113040e-06
7.364314040644375288e-06
7.284588551364752896e-06
7.209811122031516712e-06
7.400130255662493105e-06
7.159657990915872695e-06
7.283101000977790286e-06
7.171536768948494196e-06
7.301784632225643927e-06
7.347503589316099731e-06
7.218009377185979420e-06
7.328433497141581416e-06
7.114619847295651905e-06
7.055901700358772125e-06
7.186918800901989475e-06
7.192602976509260098e-06
7.218827372563784288e-06
7.104994924362507613e-06
7.225216545760447614e-06
7.117897744301494959e-06
7.110216882669333227e-06
7.367195001158539506e-06
6.852576769188215963e-06
7.274033078045708514e-06
7.116855004846848544e-06
7.176749603335479133e-06
7.234063940161421576e-06
7.066556573764624416e-06
7.204317793557972215e-06
7.033531824730078777e-06
7.195014075936483078e-06
7.055596163675714181e-06
7.045026242365696735e-06
7.084873366874895117e-06
6.992282071067397383e-06
7.052186055490963090e-06
7.185486416029534264e-06
7.061476701330567462e-06
7.071079605548145059e-06
7.057411492426069586e-06
7.189140797233456672e-06
6.944358081233287949e-06
6.926407836532370716e-06
7.047091582643691679e-06
7.107980326234665777e-06
7.115760846189665260e-06
6.956442072510890621e-06
7.014509951520854665e-06
7.097198817658627245e-06
6.968073823216631909e-06
7.085946199015041375e-06
6.977258061325349065e-06
7.045777168807685436e-06
6.951164002663904537e-06
6.958126854130123458e-06
7.046600214274491763e-06
6.923157934831586592e-06
6.949373708322074783e-06
6.981810611376663125e-06
7.052284228011860342e-06
6.916541943481866853e-06
6.995839267345777732e-06
6.788543099362143064e-06
6.905174431849345001e-06
6.941851213399625412e-06
6.974471071013071919e-06
6.955944085741187191e-06
6.929834804380679223e-06
6.958840792354759351e-06
6.976350621174627013e-06
6.795668866901114664e-06
6.851945117559707160e-06
6.999965043936567967e-06
6.935598015329472344e-06
6.910586553279338111e-06
6.854691173052276172e-06
6.876343338950603056e-06
6.880609654517357034e-06
6.936530687029884626e-06
6.763878469715372985e-06
6.793023269003388591e-06
6.954566329126328633e-06
6.771967419856657145e-06
6.944292886713145388e-06
6.951206595232957707e-06
6.754478950305713209e-06
6.940568922866097764e-06
6.727669495960671699e-06
6.863876624870336047e-06
6.894398705241008265e-06
6.767925829471425953e-06
6.925491033750941287e-06
6.803076516072926224e-06
6.805804700372512198e-06
6.843396671043954957e-06
6.807504297811599297e-06
6.646442455492337863e-06
6.851443050030881391e-06
6.799147966935341617e-06
6.910899617227756959e-06
6.677422817898291869e-06
6.716653321375631979e-06
6.769775858845811795e-06
6.727731562675627268e-06
6.902380909425189648e-06
6.836400638767221562e-06
6.625366074061822910e-06
6.860013561240810543e-06
6.665052602843476836e-06
6.812693767506439258e-06
6.633990888529856708e-06
6.709979801966648420e-06
6.699773385030047768e-06
6.879293856914134142e-06
6.618306993143373111e-06
6.815048592893756188e-06
6.720069746265621472e-06
6.683671601392015170e-06
6.642208623498817867e-06
6.760652355961885094e-06
6.740625073520644997e-06
6.678202878403248168e-06
6.673416386663505753e-06
6.690505532614101314e-06
6.816396739283601666e-06
6.568674254867045254e-06
6.600560079083792404e-06
6.634514351228713119e-06
6.675564068334054311e-06
6.692266641875601544e-06
6.695481721392468237e-06
6.552631071282723828e-06
6.647412655816233917e-06
6.596544692727351626e-06
6.660577206789727700e-06
6.543074698048582839e-06
6.744445092353142279e-06
6.432446802781797617e-06
6.658649338777375617e-06
6.593600702466790613e-06
6.551356498227437694e-06
6.713332320997271274e-06
6.553311503067508859e-06
6.577791792498672671e-06
6.642540966971350370e-06
6.573185613752152790e-06
6.491631426653934946e-06
6.630023797349830406e-06
6.602175756741321343e-06
6.579643703846859623e-06
6.555044411694814541e-06
6.603833679923872467e-06
6.613640493609400305e-06
6.505415352337151515e-06
6.484487386081522798e-06
6.549599140946504045e-06
6.557007024420275018e-06
6.618098128692861292e-06
6.489194034389921258e-06
6.597274618281637995e-06
6.419944098157037178e-06
6.521504062933612276e-06
6.450513729858387896e-06
6.452494167168377622e-06
6.591220464764562648e-06
6.490450793568025865e-06
6.636490175561420581e-06
6.344056656993733400e-06
6.594996543791741410e-06
6.452004615269205417e-06
6.525706921089910067e-06
6.463246503890811034e-06
6.500418852350236942e-06
6.368920961037557688e-06
6.649978985960011226e-06
6.286290984681724906e-06
6.484479388322712463e-06
6.400541257520309482e-06
6.512772347566857625e-06
6.428000230907779928e-06
6.509726730721033291e-06
6.492874765116592350e-06
6.500931642972758994e-06
6.351824025176664092e-06
6.431704664552810711e-06
6.501821873896517659e-06
6.413025847832312047e-06
6.394830503127082431e-06
6.373478442137362049e-06
6.491222562177034224e-06
6.413518714600331637e-06
6.435213523455229234e-06
6.430134628539024133e-06
6.301222561041187730e-06
6.465357853011586001e-06
6.417444457153158352e-06
6.463364054191482885e-06
6.331294260139418008e-06
6.367738642489167694e-06
6.397482706828431996e-06
6.287438212102819057e-06
6.410141038971451756e-06
6.321223098417662068e-06
6.434270129290964203e-06
6.332462995472614373e-06
6.365909476066653417e-06
6.371393778876018182e-06
6.323612742209832677e-06
6.302752253658760758e-06
6.374726581270806491e-06
6.394808800593191474e-06
6.410758694836963394e-06
6.255665129957829216e-06
6.396145447291717146e-06
6.343181265194057587e-06
6.343127559028042728e-06
6.292623810776581279e-06
6.289521676771076061e-06
6.275595839052027668e-06
6.366663932154284925e-06
6.419892109575545550e-06
6.220644092329942689e-06
6.296258072874368945e-06
6.265760246535535103e-06
6.344379588077884519e-06
6.220073643270454402e-06
6.468193762045814523e-06
6.184445463762551456e-06
6.224740130837392416e-06
6.269230545759881086e-06
6.350622061164809004e-06
6.292952257404432465e-06
6.395634136802539542e-06
6.268340928304156830e-06
6.270162636744148201e-06
6.231826310163077698e-06
6.152413876643902268e-06
6.439172633252388127e-06
6.256656309754732159e-06
6.110027571415524833e-06
6.277261085430491996e-06
6.165527554489587044e-06
6.228255537597788536e-06
6.286085755060799961e-06
6.208936548089625385e-06
6.304497754756684660e-06
6.193114095846172400e-06
6.250074854009920596e-06
6.302072004528728833e-06
6.173588525071911665e-06
6.132368914482247658e-06
6.213098261058326908e-06
6.134452673287641422e-06
6.278046377419514942e-06
6.215036269558697807e-06
6.203126248745476537e-06
6.119594897006569002e-06
6.213877914684074876e-06
6.198172246221175253e-06
6.113361016881013186e-06
6.131269860677680990e-06
6.213082562827062368e-06
6.193862728396399143e-06
6.159880639822109699e-06
6.148066897588948932e-06
6.191913281929418931e-06
6.096757046673643661e-06
6.199054963106295722e-06
6.176486069377972612e-06
6.164803836677530410e-06
6.198444602723561411e-06
6.085924450192999005e-06
6.174337758493291949e-06
6.119828758074968103e-06
6.201586911956938548e-06
6.078844519549402892e-06
6.119221240178099447e-06
6.098197729110642017e-06
6.155467176956393498e-06
6.041053941436602453e-06
6.181454896539944427e-06
6.076234662777955827e-06
6.092386571289154169e-06
6.081098696499151043e-06
6.165712746884093571e-06
6.099469454011467292e-06
6.063935819753003075e-06
6.078924377467157474e-06
6.185110412092868216e-06
6.108411695357143399e-06
6.081907899884890362e-06
6.128065359390395845e-06
6.136166578892338518e-06
6.093361061480372780e-06
6.162931430206354785e-06
6.091285141083263989e-06
5.938256034700558012e-06
6.247156412740414315e-06
6.156324457592531655e-06
6.192687195157166377e-06
5.921020097942691016e-06
6.051305118235378723e-06
6.022987193865545062e-06
6.043319256547227106e-06
6.011907796172008566e-06
6.025039506450734043e-06
5.999395278578097152e-06
6.111532982288123608e-06
5.975894492896203806e-06
6.163645926472754179e-06
6.040225818167658790e-06
5.931357849945229862e-06
6.024887153491307904e-06
5.997139397900392862e-06
6.031093640442647094e-06
6.072134487455270166e-06
6.016380490824943879e-06
5.947194728135116086e-06
6.010978134495959188e-06
5.985006504276782587e-06
6.037005584007690106e-06
5.930351197401205522e-06
6.067306902175138637e-06
5.944487137214178883e-06
6.032104671032150750e-06
5.902053298920598174e-06
6.043967926559975999e-06
5.927647104633713192e-06
5.972476054395022022e-06
5.779390861426789281e-06
6.065227525824132324e-06
5.990118743133093817e-06
5.926609990945462582e-06
6.069858886362667579e-06
5.923179510457297729e-06
5.917199859924490177e-06
5.990571607880334789e-06
5.910505327660770342e-06
6.045027154070234032e-06
5.956187977395212597e-06
6.037137213840608595e-06
5.913998717595131220e-06
5.930469784425063039e-06
5.858400468783264177e-06
5.944980459359393742e-06
5.927015072579442323e-06
5.882456164643906634e-06
5.908022873209472391e-06
5.930370936081579045e-06
6.049279261616570411e-06
5.945699556636039761e-06
5.922040274496575173e-06
5.849779691615118297e-06
6.144333851391762753e-06
5.788573106709165209e-06
5.841960088581701773e-06
5.942485827504657789e-06
5.832627980113137478e-06
5.919002240972225338e-06
6.008252824804280340e-06
6.002576879368248012e-06
5.851251004624371627e-06
5.904619522620743498e-06
5.744120219780315928e-06
5.905920535896310064e-06
5.924344735670015277e-06
5.935429255884610600e-06
5.758454912528605239e-06
5.864457444001353272e-06
6.018284911635590279e-06
5.795152572147012224e-06
5.958832637455257484e-06
5.749090735553988027e-06
