2.206930374066213771e-02
1.786676488160168601e-03
6.136659777386583746e-04
5.035153239445600394e-04
4.273595965120404860e-04
3.538594165671142327e-04
3.005430689100898321e-04
2.645656689882170082e-04
2.394028916491267890e-04
2.190067885179779596e-04
2.003228546225354842e-04
1.853348259319721454e-04
1.711140394338517615e-04
1.595914303799162456e-04
1.499729959684078509e-04
1.375473565684819782e-04
1.282960475689132922e-04
1.231554965859464720e-04
1.170593484182625354e-04
1.141815885394028646e-04
1.098234193740409961e-04
1.074543124609955724e-04
1.030801064199368097e-04
1.006665302244939917e-04
9.669982289658070080e-05
9.441991868977746857e-05
9.249073353762430933e-05
8.847053707785287912e-05
8.870367108459824550e-05
8.471049610040036417e-05
8.359877579083467092e-05
8.162691293487782168e-05
7.989162288261435457e-05
7.668420552857183601e-05
7.691002599869201681e-05
7.404135775135138858e-05
7.392212902229611715e-05
7.093119345685348508e-05
6.960643653469573131e-05
6.615384090437045688e-05
6.601108013614534801e-05
6.339081132826730671e-05
6.324479536513263488e-05
6.123566457055576429e-05
6.085038036375675554e-05
5.909800168705350761e-05
5.901802181134999082e-05
5.585878077460552471e-05
5.716401228659923186e-05
5.492600268598708910e-05
5.320087742364199501e-05
5.342526094252089127e-05
5.206920366194595616e-05
5.142093057687126322e-05
5.143678194588150577e-05
5.047790949690636730e-05
4.830864902909514904e-05
4.753100135059861798e-05
4.750324659051284300e-05
4.649071414056691693e-05
4.636679792116748302e-05
4.558156507701317919e-05
4.476632711078831046e-05
4.410438495018993927e-05
4.446259971753690441e-05
4.292172187714517537e-05
4.429312413721216493e-05
4.237650657432067423e-05
4.264940573516078510e-05
4.090345899491097198e-05
4.139954399355717194e-05
4.163106460205035479e-05
4.025370932377325017e-05
4.060289957577528874e-05
3.970104053803078219e-05
3.898174879579725018e-05
3.916050743989980321e-05
3.833988448403391301e-05
3.791563579591908530e-05
3.768113551146532402e-05
3.742241651178376431e-05
3.670637141369796462e-05
3.682039146911555663e-05
3.625368838400194147e-05
3.571093603817860983e-05
3.508505294405967276e-05
3.508302717435933667e-05
3.532199631771621129e-05
3.384222093138552362e-05
3.355019004813781283e-05
3.415558782971781150e-05
3.337427085153294316e-05
3.287606154535600535e-05
3.340897109261791516e-05
3.237294909529616379e-05
3.298152426841902341e-05
3.212226360436971169e-05
3.079483338755521782e-05
3.222174640228795366e-05
3.166584174524911434e-05
2.342312348337951649e-05
2.329006827071340195e-05
2.338677343402178341e-05
2.389290573904913144e-05
2.477628270569570088e-05
2.440007934244810858e-05
2.443658428555586581e-05
2.417946349732852718e-05
2.450046548779091039e-05
2.411906454875649758e-05
2.387758786048368577e-05
2.369535273460831283e-05
2.370944358389102336e-05
2.367749591970315086e-05
2.334239162939456778e-05
2.345103016435175263e-05
2.310939419297827253e-05
2.328101881858576799e-05
2.302528554892507189e-05
2.289663824138142613e-05
2.285172322847950712e-05
2.273507063182982050e-05
2.247247660778162331e-05
2.270495723454098635e-05
2.253207735256311324e-05
2.233124794258698728e-05
2.232758328862781134e-05
2.188260404436530941e-05
2.216589403353000004e-05
2.199308442702362790e-05
2.198946151408444840e-05
2.177686508936992017e-05
2.180916342800941077e-05
2.168569877902784248e-05
2.143312870422678013e-05
2.151586025741020477e-05
2.158105869014351343e-05
2.150124894537549654e-05
2.148279602093740705e-05
2.163702162491609767e-05
2.102516080770648531e-05
2.122300094038046724e-05
2.093539558528968261e-05
2.119523885646893552e-05
2.092708376611707405e-05
2.075321745273603688e-05
2.069968656978039102e-05
2.077145496045672713e-05
2.065915102076634725e-05
2.038613560332509211e-05
2.057839194492474291e-05
2.029171986744427578e-05
2.050342008968430817e-05
2.021798759301733411e-05
2.025179682910030146e-05
2.028759421556259275e-05
2.014016714998342986e-05
2.018929837373394293e-05
2.000771008502534571e-05
1.976469859043171747e-05
2.022601996301454067e-05
1.961512403654410515e-05
1.981151726644197726e-05
1.973996022117157617e-05
1.987762330686450947e-05
1.957155516901772104e-05
1.963776146296564764e-05
1.946374246280787522e-05
1.949547146532218178e-05
1.933861684723766350e-05
1.956480387647454295e-05
1.919081749600036514e-05
1.906793055503011201e-05
1.938939427151464059e-05
1.905472409234890347e-05
1.899505094826202793e-05
1.913054361680640065e-05
1.907037596205872504e-05
1.906027407591796046e-05
1.896130860664809638e-05
1.896311122514701033e-05
1.870962256825528313e-05
1.869241273412132793e-05
1.875722688896719545e-05
1.874965838646165483e-05
1.861082633554247219e-05
1.866902056314361237e-05
1.849812182264129768e-05
1.840903483133442394e-05
1.840719748323866000e-05
1.842477760012690611e-05
1.835961528012781970e-05
1.849085646908029938e-05
1.813535974554490564e-05
1.848026518157307340e-05
1.810806451458548370e-05
1.829629288806542661e-05
1.819322665078969268e-05
1.819317576695453595e-05
1.790479685008894130e-05
1.808266798356387249e-05
1.790490935785873835e-05
1.796524391118262804e-05
1.799375158927704672e-05
1.776875382639745584e-05
1.803043481098198398e-05
1.774832131997749880e-05
1.801266920504271876e-05
1.784419270338818977e-05
1.762201703202567692e-05
1.754254144216146687e-05
1.761389609084914888e-05
1.759278681203790679e-05
1.761328871214779890e-05
1.770165356214208402e-05
1.786908809275162077e-05
1.715926008881956392e-05
1.747259889359113700e-05
1.727020109401337824e-05
1.754462851331632965e-05
1.714923566089100691e-05
1.740619120325272653e-05
1.731736968866248876e-05
1.734565096807993769e-05
1.711791914571615146e-05
1.706330752355908329e-05
1.726251236437026590e-05
1.722843201068801432e-05
1.700448031787801917e-05
1.697308111930532910e-05
1.728087562170051359e-05
1.689351406097950624e-05
1.694492760751753718e-05
1.695648523692446150e-05
1.719192320789636976e-05
1.684367701895290068e-05
1.655236539485173541e-05
1.679795028832808807e-05
1.669895812123175556e-05
1.686896637824287864e-05
1.678148219877063246e-05
1.663924303457480663e-05
1.659935708900228649e-05
1.655103377115892224e-05
1.656653699769033351e-05
1.671659013222489694e-05
1.642618567996092054e-05
1.644518046421057067e-05
1.645293984723156935e-05
1.648365650404215007e-05
1.642680617201385825e-05
1.665643308153040645e-05
1.634196972309103990e-05
1.630250901541942823e-05
1.627457463894786937e-05
1.622745537871773483e-05
1.627932691252406726e-05
1.623255409923278145e-05
1.637504121536644512e-05
1.618306977739102944e-05
1.613003022438410158e-05
1.614304027148098886e-05
1.622177269961975243e-05
1.639378596919313440e-05
1.601463568187173761e-05
1.596008204315112514e-05
1.593922712557002420e-05
1.587812566162371470e-05
1.625994057946811348e-05
1.579624232184254637e-05
1.592435400251062297e-05
1.584700720214689471e-05
1.608297361725366553e-05
1.571715821276149414e-05
1.583913046911560559e-05
1.577439654883419011e-05
1.585704127424641499e-05
1.565596035497367420e-05
1.559571858270624622e-05
1.552528512114391339e-05
1.601934275280544380e-05
1.549954157884324952e-05
1.560025684789617887e-05
1.574776827477752640e-05
1.543190159120708596e-05
1.542427479538185009e-05
1.555510901190873180e-05
1.548150900219743932e-05
1.534167410614106983e-05
1.560453464740815157e-05
1.556001746411666685e-05
1.537928379306387756e-05
1.535477729456517166e-05
1.534997502649351213e-05
1.527082268515481686e-05
1.525264116552486864e-05
1.536049375345529232e-05
1.512824296432101009e-05
1.534066521450171006e-05
1.509590368330368300e-05
1.505753122761244476e-05
1.522742811561168031e-05
1.503348732935932263e-05
1.512499449866449161e-05
1.486868073960148249e-05
1.506711320778328638e-05
1.500913904514808770e-05
1.512486672851546045e-05
1.484157881027776362e-05
1.503625881921134250e-05
1.515973895479659928e-05
1.476454584857054289e-05
1.494895888169904334e-05
1.483912787321904075e-05
1.484535058306167690e-05
1.467167825658658680e-05
1.485191794100876660e-05
1.498167544177754598e-05
1.460426591471846340e-05
1.469072941439148845e-05
1.487047210908698066e-05
1.489944914943191005e-05
1.454169861110705414e-05
1.472740106460289461e-05
1.458542654824902969e-05
1.465244391999836922e-05
1.456581108173356379e-05
1.452067439524418787e-05
1.480782334775411683e-05
1.449747155284637378e-05
1.451476072716633766e-05
1.450988035844161745e-05
1.460317839587647823e-05
1.478237779219676748e-05
1.432239398903389528e-05
1.446593927831899878e-05
1.433395295874879929e-05
1.440033546540566209e-05
1.434401484475831669e-05
1.448833946770842698e-05
1.407375022553476917e-05
1.435611423824051485e-05
1.433823130370565631e-05
1.429718820500081779e-05
1.423085873372613562e-05
1.435374000106184785e-05
1.409275167857243866e-05
1.434452609163325150e-05
1.422365195565493283e-05
1.403899633937864927e-05
1.411621220273783563e-05
1.429796613285406979e-05
1.417668462890813692e-05
1.393228376652594582e-05
1.406864963564280062e-05
1.401224214187549044e-05
1.416022044186395783e-05
1.380874562986860079e-05
1.413572340236208881e-05
1.383035578328417614e-05
1.413325482085421311e-05
1.384779833468987095e-05
1.385204173212385896e-05
1.384330814675033883e-05
1.387272997031445023e-05
1.395741849786005613e-05
1.384566742009581577e-05
1.371894942920566606e-05
1.388470247290980729e-05
1.378614842780276154e-05
1.375782883875529972e-05
1.377429230399828097e-05
1.355216152413533491e-05
1.394361209241548155e-05
1.357920758125960354e-05
1.379603218133890241e-05
1.377585894893209819e-05
1.357460430861319127e-05
1.355656906646767331e-05
1.358800638319780605e-05
1.382935171373029800e-05
1.347872774284626411e-05
1.358055557711673908e-05
1.350209086290041547e-05
1.356984270452832916e-05
1.364572748334114455e-05
1.357920954889218643e-05
1.345311893173025776e-05
1.358329756633659723e-05
1.351019985593671240e-05
1.343955868064881291e-05
1.354979076873416986e-05
1.328663376998494937e-05
1.351765751849930605e-05
1.328012043249601881e-05
1.356503740690714274e-05
1.342930325870163473e-05
1.338726924662389669e-05
1.321875866411180957e-05
1.327246204621630611e-05
1.340126169034343763e-05
1.334797733335886645e-05
1.319170136049349930e-05
1.348866066956132246e-05
1.314016738778720061e-05
1.310469823065658840e-05
1.325802702751056419e-05
1.330162236108083485e-05
1.314654408062547376e-05
1.310734491062626601e-05
1.313762025339828749e-05
1.313755528247275662e-05
1.299821533922765892e-05
1.327200845022020834e-05
1.314106495828281371e-05
1.299689392026694666e-05
1.304031460440102980e-05
1.311466437030420523e-05
1.287674992336002186e-05
1.325768247766177159e-05
1.298004673517828608e-05
1.304534888305948610e-05
1.290595545346391979e-05
1.303865813237899933e-05
1.300069151413451245e-05
1.297981929222000654e-05
1.301922995374894942e-05
1.303268760954509790e-05
1.283903584357720628e-05
1.280642406308291145e-05
1.290570864532274483e-05
1.289214645684122712e-05
1.306328301131273921e-05
1.291169315573167238e-05
1.286232196646494139e-05
1.282197644641729980e-05
1.289759311324628487e-05
1.303588666394167490e-05
1.279508877741743642e-05
1.262137896010950177e-05
1.292232528610138515e-05
1.269746173289564213e-05
1.284569986997777920e-05
1.255601630059812213e-05
1.291843664198860698e-05
1.273841831875127210e-05
1.287283519992756049e-05
1.264588741364390968e-05
1.249606448960206078e-05
1.285830694919707227e-05
1.251511276524092780e-05
1.283595512552658361e-05
1.274008226828098862e-05
1.277477017576121663e-05
1.265593240597829335e-05
1.265470858889983737e-05
1.260682477366375632e-05
1.256899843175029351e-05
1.256242262129704090e-05
1.273179939169877828e-05
1.252140748388568668e-05
1.258402405011385809e-05
1.245176421323882479e-05
1.256995625564005553e-05
1.266697895604877842e-05
1.250369372040410959e-05
1.259686947992941323e-05
1.237840453435325305e-05
1.270881667221255328e-05
1.238649782663891046e-05
1.226711681390705597e-05
1.268622826276862311e-05
1.242517954705970194e-05
1.237018386242183074e-05
1.246862115335099045e-05
1.233453589888478839e-05
1.241522974304545534e-05
1.240842090291785282e-05
1.239866077767675719e-05
1.234883949938518872e-05
1.231261804149303266e-05
1.240322868332421294e-05
1.222611430990617687e-05
1.229067422949070177e-05
1.234077066772019577e-05
1.225393121921646982e-05
1.232223478275292474e-05
1.230199777360476923e-05
1.237706233180101311e-05
1.218590790223789148e-05
1.225616580990808669e-05
1.243447043601908199e-05
1.208115841575331900e-05
1.231574602807438917e-05
1.232772160934710274e-05
1.229002525715284423e-05
1.199431970668642173e-05
1.229157258099284568e-05
1.215383522661760485e-05
1.214971873644640002e-05
1.220033906629849774e-05
1.226354699177632717e-05
1.224618610845997337e-05
1.202681387767471175e-05
1.219096542717782598e-05
1.206972355175519194e-05
1.233162126691165190e-05
1.197339054561676991e-05
1.206580854111387862e-05
1.206012074516343175e-05
1.220976818963473101e-05
1.212496355161178265e-05
1.198235798953931499e-05
1.208797089637910444e-05
1.208647562536468095e-05
1.203767375962625313e-05
1.202567176395686016e-05
1.201889633705220092e-05
1.230602734782662008e-05
1.188513600775617998e-05
1.206435786053360035e-05
1.214817136725763355e-05
1.191266587071302679e-05
1.183672367154426748e-05
1.186050011663035958e-05
1.204983863294791433e-05
1.208512870906012196e-05
1.187473378555407140e-05
1.200390901194270716e-05
1.175237916981726530e-05
1.199092838107888860e-05
1.189845855824034677e-05
1.187085691070583329e-05
1.176516930437045331e-05
1.187462266344102076e-05
1.177762130340590369e-05
1.198861702752281490e-05
1.179383333241417100e-05
1.175394040061226447e-05
1.178021752405526374e-05
1.169116208541222762e-05
1.178376020872842993e-05
1.179145645241018046e-05
1.182068700747494508e-05
1.171367698954474683e-05
1.178927828314195937e-05
1.183613357576162703e-05
1.166739074710109665e-05
1.172019493371252091e-05
1.174911645583031586e-05
1.172012429922995587e-05
1.166436447150409646e-05
1.191311827378463206e-05
1.148952739597833599e-05
1.174362603660609749e-05
1.183219780798222975e-05
1.154402553032838027e-05
1.160852274642568831e-05
1.178904412352751453e-05
1.170418088985976229e-05
1.162293738086097998e-05
1.173599654378895339e-05
1.143168762567173574e-05
1.177743933644239817e-05
1.157947264669888427e-05
1.165434083591926068e-05
1.157255297670583642e-05
1.167014273698361139e-05
1.157385355160999587e-05
1.133130762004801443e-05
1.153688132599653293e-05
1.157597490895155494e-05
1.165654112404824086e-05
1.148859192147222788e-05
1.152586958866230719e-05
1.160613862825472110e-05
1.151333059557685196e-05
1.152288328044466662e-05
1.138242399360114750e-05
1.147006551943586500e-05
1.158494873067420285e-05
1.160241709182635807e-05
1.132531562205389579e-05
1.142592416026597652e-05
1.144060263886231578e-05
1.153246099783147548e-05
1.159053574529000184e-05
1.131120142067592030e-05
1.141161669000418553e-05
1.152198111334771503e-05
1.138895714094282273e-05
1.139738337631247657e-05
1.122972870641541204e-05
1.151123283974877227e-05
1.136434468379198445e-05
1.140397746231854472e-05
1.140452795225226886e-05
1.128816716105711413e-05
1.134928734144702211e-05
1.126729415057794821e-05
1.146471537024423196e-05
1.134258559495039689e-05
1.140049462919907079e-05
1.136684877086449098e-05
1.125092264381519574e-05
1.157483067139981532e-05
1.109202802407584573e-05
1.127335214614328005e-05
1.118413496482682060e-05
1.136718118865861315e-05
1.128554454868545888e-05
1.136526388061036824e-05
1.126910109106622788e-05
1.114395888288630571e-05
1.119338829115114058e-05
1.124788454604675958e-05
1.129427981322301949e-05
1.102620947467660722e-05
1.136727386768034931e-05
1.113885651305525820e-05
1.121412202423182718e-05
1.099573019220412463e-05
1.140513649868435129e-05
1.110336703337890793e-05
1.107961249426631265e-05
1.124127938234483581e-05
1.109238048728435736e-05
1.104259298122679795e-05
1.122360297616918233e-05
1.103396497156027315e-05
1.127320759569103281e-05
1.095249669266104656e-05
1.102911337536807808e-05
1.116311654856728697e-05
1.101154622696730328e-05
1.130174207616601623e-05
1.096503711423263908e-05
1.106369137003569003e-05
1.171582343609125723e-05
1.077294502334512545e-05
1.101384728761311508e-05
1.109303500224920731e-05
1.105936993745241475e-05
1.085991417435920206e-05
1.105957858208737863e-05
1.096777163728200328e-05
1.101084868610074557e-05
1.114215620770143294e-05
1.091002938823762919e-05
1.099456998558821146e-05
1.133454591372431446e-05
1.087241541207734160e-05
1.093846328136991079e-05
1.082576665159594190e-05
1.092924688279791851e-05
1.091640243301959191e-05
1.087528417503306199e-05
1.106359222251631592e-05
1.096638448780392479e-05
1.079842832419228714e-05
1.095871604165622422e-05
1.083682880290171848e-05
1.092274251680658639e-05
1.089729077114263815e-05
1.091461498494268987e-05
1.089697277677557338e-05
1.079462721201627064e-05
1.086870925014043987e-05
1.086431339771230188e-05
1.099576038440497249e-05
1.090366615390543993e-05
1.074542735668703540e-05
1.078591430568017852e-05
1.091570757150930989e-05
1.083329045407448596e-05
1.068527163748271172e-05
1.088818769031979837e-05
1.072938808128458655e-05
1.076059157599664647e-05
1.081093407789173676e-05
1.073082474909608034e-05
1.072475008030100795e-05
1.074134108013137387e-05
1.080873108269334670e-05
1.084588879861751584e-05
1.071350245632015433e-05
1.071953706577864659e-05
1.082327981217088151e-05
1.069900134178753996e-05
1.073230770162201655e-05
1.081178978643730996e-05
1.081648921988296035e-05
1.065609058311573156e-05
1.071740217434972521e-05
1.077352184579581011e-05
1.051653950861164988e-05
1.086718521667099457e-05
1.067743103860034538e-05
1.053270707693363171e-05
1.066845925757218126e-05
1.049272437598915782e-05
1.073637297036169092e-05
1.056715664389510098e-05
1.061195108702432458e-05
1.059894247975076501e-05
1.087799047981259826e-05
1.046260576989063869e-05
1.068202502734654724e-05
1.059161139063364880e-05
1.066778146861272062e-05
1.045578222542556557e-05
1.066856449694249163e-05
1.056118797280248726e-05
1.062053100810326013e-05
1.054717172853876922e-05
1.052305365607993419e-05
1.058158649410117297e-05
1.038493020104878407e-05
1.075045871790819369e-05
1.059274281715890933e-05
1.040497991979214777e-05
1.048845805727318447e-05
1.057141970631771553e-05
1.060319987231790664e-05
1.050581203246080613e-05
1.056855028454519656e-05
1.042801457873203476e-05
1.060981291284859729e-05
1.053008234702652717e-05
1.029285832749103461e-05
1.043939242673405040e-05
1.058809316532145831e-05
1.039139456187011736e-05
1.064735911401797196e-05
1.046254075487602817e-05
1.040049524172771881e-05
1.036636328240911434e-05
1.038310893035035628e-05
1.045625072856889289e-05
1.050127732462965216e-05
1.040419769262391255e-05
1.034394207890526025e-05
1.036032969455755274e-05
1.041306758505171976e-05
1.043741867584771258e-05
1.027841476054284637e-05
1.022677648693376034e-05
1.046713218015724782e-05
1.033531023096954357e-05
1.031445073946148496e-05
1.049200515715262565e-05
1.036544236863605086e-05
1.035458765140511482e-05
1.030534093820341866e-05
1.031819487343203094e-05
1.036900435802708905e-05
1.041093979700316195e-05
1.021887883552433382e-05
1.035369356646606657e-05
1.034923301268561880e-05
1.015382057456794615e-05
1.046112159924645164e-05
1.021389578333615625e-05
1.020407153871858563e-05
1.029769938765319379e-05
1.017993585960123700e-05
1.033516291046348720e-05
1.043266660256190117e-05
1.011574801908602234e-05
1.026160807064279719e-05
1.018498354637826048e-05
1.017013853199583583e-05
1.028755396669678928e-05
1.024768211199370619e-05
1.019355310022534616e-05
1.012109069580872100e-05
1.020418559842394096e-05
1.026425201960899365e-05
1.013518132716541420e-05
1.023424431391844324e-05
1.010811611270676243e-05
1.041022181392050979e-05
1.023042475235267352e-05
1.001682208890161071e-05
1.027205516544915296e-05
1.014049101895907504e-05
1.019133161280781199e-05
1.007090670674714572e-05
9.980299765879170086e-06
1.027785678680299574e-05
1.005466447420083844e-05
1.028254766444807230e-05
1.008927600680050003e-05
1.008784047396785284e-05
1.023436136034393457e-05
1.001596757202084125e-05
1.017969053663215646e-05
1.001217115848088879e-05
1.025256033169077833e-05
1.006680302634273121e-05
1.010402793528198019e-05
9.902817445766122606e-06
1.019441650042555814e-05
1.005941185388934086e-05
1.001308219756009080e-05
1.021537857336234687e-05
1.010082920966395725e-05
1.006866483757853714e-05
1.000944030868159506e-05
1.009282312557525913e-05
9.899878786504978797e-06
1.009357329116572454e-05
9.973449657114552856e-06
1.001596829886079077e-05
1.003816226977425176e-05
9.909894090513695128e-06
9.933170410509784297e-06
1.007666130772878201e-05
1.003203018314261298e-05
9.950283688302486858e-06
9.997398456485382594e-06
1.007424521741789139e-05
1.011686400561604817e-05
9.866300713238815252e-06
9.965631848506625065e-06
1.012964281809391781e-05
9.933165700536529852e-06
1.006768068495087918e-05
9.915284204565313648e-06
9.844425118377869008e-06
9.945205826960246359e-06
9.986647807114961548e-06
1.000268471052499672e-05
9.916161642728068450e-06
9.873113909367358106e-06
9.940783279225017463e-06
9.991239387337799271e-06
9.748535201178333499e-06
9.926130486925717624e-06
9.846751180050476219e-06
1.006515535450073903e-05
9.769842510493849304e-06
9.937368052298270449e-06
9.866858746183998838e-06
9.936782786159239136e-06
9.861349005865962996e-06
9.767339739795252880e-06
9.976839302298358438e-06
9.866043439610129467e-06
9.788963169062159846e-06
9.933168178342731986e-06
9.736262154673116752e-06
9.913036804106904761e-06
9.766218689319656801e-06
9.912556289838948774e-06
9.737580598250883409e-06
9.817849993075300195e-06
9.749529209604533312e-06
9.780231124287005901e-06
9.888479429331171336e-06
9.894883694219351304e-06
9.774286301606711832e-06
9.717803638480206920e-06
9.959147724441002597e-06
9.742005492784769336e-06
9.933893562092106389e-06
9.730971170505241507e-06
9.717971903817851180e-06
9.731796941306932936e-06
9.909794028460869263e-06
9.624464297137069738e-06
9.805618536427528111e-06
9.667554068804133503e-06
9.729929747424504350e-06
9.742267650223647248e-06
9.674404135999048612e-06
9.742997684740943131e-06
9.867548534930896040e-06
9.745018159972817544e-06
9.683039453115386373e-06
9.702366721922617445e-06
9.775801237609763563e-06
9.538854396032296108e-06
9.733692653264918877e-06
9.795721267699344535e-06
9.638460695017094353e-06
9.725684964333769939e-06
9.530355922597311791e-06
9.789476083763946421e-06
9.733143430577276912e-06
9.584780481093420045e-06
9.613150657949372075e-06
9.697596231998938674e-06
9.649117166337113486e-06
9.630568611428416898e-06
9.698828002747127039e-06
9.564879032660829548e-06
9.588945416343905753e-06
9.751972095997551624e-06
9.483791895026041685e-06
9.733973129086004905e-06
9.615547201682302089e-06
9.609095947914114409e-06
9.650961651824820696e-06
9.436369852420559791e-06
9.704324457136326228e-06
9.522125688374639995e-06
9.631349398773321019e-06
9.586279192315643363e-06
9.488356279845670897e-06
9.623998149610212330e-06
9.521472829899449707e-06
9.525879262446701546e-06
9.567180496406786768e-06
9.513235745493691666e-06
9.547499060033241855e-06
9.590402876564745201e-06
9.564638694276977917e-06
9.462022607750791953e-06
9.556550450820635746e-06
9.608421058756320941e-06
9.602858347300190795e-06
9.501093276981954427e-06
9.606529225377540243e-06
9.460572748487057848e-06
9.525684444146705282e-06
9.450945007631962713e-06
9.489584450405691386e-06
9.532321122721827450e-06
9.579140102316884660e-06
9.508458755580176158e-06
9.456538291714703632e-06
9.528779294636468812e-06
9.597926301136903870e-06
9.458917013382480232e-06
9.435955044735897069e-06
9.477661437170926688e-06
9.489375311973048639e-06
9.461241080969059143e-06
9.590074018648775856e-06
9.360336703781623187e-06
9.435312988084900866e-06
9.434269434871836942e-06
9.396482222645244120e-06
9.525373704322559257e-06
9.291359261357111650e-06
9.533991494140726440e-06
9.359898337412871975e-06
9.363122857661100311e-06
9.724849509051098498e-06
9.411397624611396922e-06
9.564874007765585589e-06
9.357408166113177740e-06
9.370029964786196424e-06
9.430959554388877513e-06
9.444714750998802516e-06
9.205287363397284485e-06
9.381849235159937279e-06
9.395646887032929067e-06
9.337889529291251874e-06
9.291798112705725461e-06
9.363111517950151096e-06
9.274994981424142043e-06
9.361186806715808106e-06
9.367117644340451884e-06
9.387373372451583413e-06
9.338298726325771259e-06
9.256105712416467208e-06
9.322983329345594015e-06
9.451491334297003804e-06
9.155637856154931806e-06
9.316342497579292140e-06
9.095449358610393847e-06
9.378459534549861637e-06
9.352124862262747480e-06
9.188912193461964880e-06
9.395317846462207463e-06
9.218792231038207987e-06
9.271834113208158638e-06
9.254319245636480774e-06
9.204689778769765881e-06
9.227220238788811580e-06
9.339248549937347111e-06
9.241025926211252919e-06
9.283646048418952345e-06
9.227062862193830247e-06
9.135186055094604403e-06
9.140381950457690587e-06
9.337157140417173151e-06
9.226933304547594325e-06
9.162638464877997013e-06
9.191407870857701073e-06
9.076601346902541623e-06
9.198661383351945482e-06
9.152111565060781740e-06
9.207003311585995972e-06
9.328377994649784304e-06
9.153540699938319430e-06
9.116492265723100255e-06
9.092676999573685558e-06
