2.051293037004944114e-02
2.637961696848851057e-03
1.931723471669031297e-03
1.822029999225114076e-03
1.399480541516611321e-03
6.109549654447769991e-04
5.204620928480354312e-04
4.809686504214114662e-04
4.604697380897942245e-04
4.375923291210554898e-04
4.263976065218165121e-04
4.109789069062821086e-04
3.990724884277374812e-04
3.812794919545604692e-04
3.599642138530557045e-04
3.306200978790546359e-04
3.089137434852348187e-04
2.920075273028396824e-04
2.842214503654451612e-04
2.703086603329700271e-04
2.599585940593781533e-04
2.695026482910774191e-04
2.357055688821233278e-04
2.309648080476123624e-04
2.283171812360048443e-04
2.221297973768857927e-04
2.184870767415503809e-04
2.151321908328462831e-04
2.096898208334887082e-04
2.050178132232451382e-04
2.034951409423682524e-04
1.983133855866270909e-04
1.958645541416648942e-04
1.912385221385949077e-04
1.868042660976432375e-04
1.878104603319193989e-04
1.792353689570594041e-04
1.788949904893396073e-04
1.767000259931193989e-04
1.775440217787141873e-04
1.704886116211914082e-04
1.714146311312315278e-04
1.677168325246621288e-04
1.662695947924881605e-04
1.638710975757905772e-04
1.693575175124648730e-04
1.595177604625623309e-04
1.608037341926556445e-04
1.592340960286343584e-04
1.565974944090880972e-04
1.563776139017720795e-04
1.564807297002106213e-04
1.535699738675233193e-04
1.516504817823827872e-04
1.531954737988989448e-04
1.487196549686791564e-04
1.508669543037787018e-04
1.505069417954445676e-04
1.459243664065881698e-04
1.455730610629324309e-04
1.465943960006635210e-04
1.433015452895230915e-04
1.434929907498326529e-04
1.451143234640223112e-04
1.419479174683272913e-04
1.403327177616011691e-04
1.397618521636170071e-04
1.390398219958208378e-04
1.371848817632231670e-04
1.365144067434877824e-04
1.347151010626490943e-04
1.348162564641532774e-04
1.358587788896818227e-04
1.338266994930072476e-04
1.311947219561523633e-04
1.335492822950463390e-04
1.278903166514529937e-04
1.303737496081971905e-04
1.304399032799405801e-04
1.283108204636410608e-04
1.290670580422851330e-04
1.273213964046902781e-04
1.248548764819627538e-04
1.273703897807881261e-04
1.273453247114574916e-04
1.239291097157134284e-04
1.228803825712055796e-04
1.238955206705652078e-04
1.222588201059890130e-04
1.245715491405308963e-04
1.230691074481726570e-04
1.232097385577126194e-04
1.193489483122293308e-04
1.200109644870530468e-04
1.192179880286515364e-04
1.189445042415938648e-04
1.178230723123313751e-04
1.162401897589440030e-04
1.187599456968712149e-04
1.158948247912700979e-04
1.019602236045309072e-04
1.017155274108276009e-04
1.020208917282633897e-04
1.014320618715498356e-04
1.031450077300727423e-04
1.031506004221021468e-04
1.016462768466402803e-04
1.009572955194107434e-04
1.015797560312849644e-04
1.000892581559080377e-04
1.007701332097675701e-04
9.915790990885209452e-05
9.909863710115467497e-05
9.715669135035175281e-05
9.806718327149548141e-05
9.705205287134863472e-05
9.804445605199729860e-05
9.513917401695167137e-05
9.695685417138212863e-05
9.898620868162019226e-05
9.532907521068389415e-05
9.522879987757090683e-05
9.447953572988231877e-05
9.341560302310626131e-05
9.358162498751390124e-05
9.273341224029649969e-05
9.216364955454110037e-05
9.281396957711249306e-05
9.341782965760877166e-05
9.064543391863294193e-05
9.088467374373707629e-05
9.195830779115622602e-05
9.054333001241046891e-05
9.081334414520401933e-05
9.118817483656717522e-05
9.023057310537234454e-05
9.146759312442205104e-05
8.889462405730585136e-05
8.856691552093574719e-05
8.994903629447380342e-05
8.872199072649282145e-05
8.825221459290665785e-05
8.846001738345074788e-05
8.654165886630500368e-05
8.775458900597193966e-05
8.828193740379078433e-05
8.708161112735979259e-05
8.709202523975649146e-05
8.649918599783989169e-05
8.560245668153095477e-05
8.527846855794756083e-05
8.515093595583128063e-05
8.664781854447968685e-05
8.568147186300661662e-05
8.460445731195912606e-05
8.548104944309171439e-05
8.447711057931963806e-05
8.462785115832181749e-05
8.561735067761973175e-05
8.559819904710372622e-05
8.256727773101208161e-05
8.234682634319347107e-05
8.800106696781916159e-05
7.817136490839428050e-05
7.525873438794091158e-05
7.493424943335150765e-05
7.560834854509400306e-05
7.272178583581406146e-05
7.318779894892820412e-05
7.218231408020941227e-05
7.172031222671396340e-05
7.127595537663321712e-05
7.141266378765626999e-05
7.040532451718619549e-05
6.894793571561504695e-05
6.974835394687533229e-05
6.962821230684455430e-05
6.945528097417195317e-05
6.773905148202427422e-05
7.243855829190055701e-05
6.903324877755224369e-05
6.981939573190497177e-05
7.264720978460583562e-05
6.761733310569949067e-05
6.684241733765951537e-05
6.771785534772869651e-05
6.780189014887410908e-05
6.725988012204498769e-05
6.609141086013743075e-05
6.641254584089571712e-05
6.459991490880189955e-05
6.463466687771295496e-05
6.715918892059008071e-05
6.898517686823044733e-05
6.797321140887073703e-05
6.473410976871685565e-05
6.469684537737810457e-05
6.686851677203930198e-05
6.729724614500775376e-05
6.487851411731748242e-05
6.366208857536468204e-05
6.348042660750773786e-05
6.362983317696811573e-05
6.408901445813015732e-05
6.545629576495151604e-05
6.406862544117706334e-05
6.406178587977967749e-05
6.199862072008875745e-05
6.606599883243462093e-05
6.155848910022234115e-05
6.232042273081171311e-05
6.393945357185682994e-05
6.305113434549705132e-05
6.445706230428629242e-05
6.445390754681657505e-05
6.442679406867369912e-05
6.319863872568399750e-05
6.208008294618736899e-05
6.005003319401326211e-05
6.043592113901543960e-05
6.260033011014980403e-05
6.195352252084539331e-05
6.479912516627128283e-05
6.107808331155329448e-05
6.475193522998887435e-05
6.361284126129182980e-05
6.541443543738899367e-05
6.228946509317641409e-05
6.288559298227583622e-05
6.359138909290052615e-05
6.356524272758638111e-05
6.116538936107154335e-05
5.851948912815936219e-05
5.915075109991337949e-05
5.903007348785254467e-05
6.606701172232354064e-05
5.924807887910858668e-05
6.227431318353747404e-05
6.106619965222984906e-05
6.178004086577756698e-05
6.161240040390091835e-05
5.952165239625849095e-05
6.055017558205098865e-05
5.945590896457124001e-05
6.024732675564274019e-05
6.042826587928122259e-05
5.949422066047377637e-05
5.993781626600851962e-05
6.018007252476767515e-05
5.983697011285794598e-05
5.769061186543402955e-05
5.922908756655893516e-05
5.924740771232869162e-05
5.792634125261689052e-05
5.869691293132607801e-05
6.028838038407917756e-05
6.054636402832153092e-05
5.776222580577049183e-05
6.000142463242990980e-05
5.893016904718281383e-05
5.713310007835026663e-05
5.723365112188480869e-05
6.067729757628222777e-05
6.146052213016622184e-05
5.811645897159190357e-05
5.990434534935773432e-05
6.178492352209560617e-05
6.114718919805989077e-05
5.635102147267424805e-05
5.575283460346130380e-05
5.734111223910958637e-05
5.737036563987505452e-05
5.795212541229589464e-05
5.645745250778892146e-05
5.530250569372734435e-05
5.551519310570269248e-05
5.613495898380626648e-05
5.489412554668893706e-05
5.650385129957207251e-05
5.817482140784473258e-05
5.511735319605753919e-05
5.695932552567844250e-05
5.687847027266165967e-05
5.766388685993948336e-05
5.667665695569702727e-05
5.728417231807410531e-05
5.490466928097595140e-05
5.620002538864526459e-05
5.705959914057706644e-05
5.400017763649557175e-05
5.538316419356343728e-05
5.751192238323881784e-05
5.415498329402454241e-05
5.790533656065760066e-05
5.765927604932036331e-05
5.600709313376151384e-05
5.353022407838065814e-05
5.848555075138687229e-05
5.394331711107236773e-05
5.395019968325521142e-05
5.635179186759354056e-05
5.532326814265459727e-05
5.476655518920534965e-05
5.498144854656827001e-05
5.419446306833301054e-05
5.465609106156037129e-05
5.534329921171782295e-05
5.438250743163558493e-05
5.508260374148363128e-05
5.255055068441443362e-05
5.230538343795939081e-05
5.401582181707012867e-05
5.423690909032846799e-05
5.455785491130504399e-05
5.346932876236779248e-05
5.398016273174815615e-05
5.331979582101201073e-05
5.463916561205921907e-05
5.228000377415946621e-05
5.358634022396016822e-05
5.338965277882470791e-05
5.366811589569264859e-05
5.509494230435926153e-05
5.184350719550783355e-05
5.050440868066102514e-05
5.321145416679211505e-05
5.379755056111355858e-05
5.055891925820866985e-05
5.138570949512790814e-05
5.423188546485102136e-05
5.150728809143870538e-05
5.189259831835206098e-05
5.198771757231876656e-05
5.182853146078718879e-05
5.174460859551324352e-05
5.143264139189134487e-05
5.091021188405481528e-05
5.222050378425917365e-05
5.132017701078519676e-05
5.164804651512063725e-05
5.171288560674921895e-05
5.092744841601523891e-05
5.265757901316871079e-05
5.174922778053786884e-05
5.147664750214483076e-05
5.072321206408002991e-05
5.163930352995561661e-05
5.359976977233902381e-05
5.130577018641521150e-05
5.054068637858151518e-05
4.994458481192155363e-05
5.097532515432440350e-05
4.910369807727882395e-05
5.115823703495543233e-05
5.065843001112194723e-05
5.055966526556919711e-05
5.150612475449823361e-05
4.916558554871691634e-05
5.105567747944549350e-05
4.965609262391526535e-05
5.146884071706617729e-05
5.364070851219543418e-05
4.911333796026609794e-05
5.085074455534375982e-05
5.183538609309124869e-05
4.889852967214999044e-05
4.809594722644463274e-05
4.925776640921663462e-05
4.999989670216959607e-05
4.929338812211643360e-05
4.969955772338686896e-05
5.140495695766459093e-05
4.995905270092473372e-05
4.950172324167303865e-05
4.987269827007339467e-05
5.046610090490740293e-05
4.886475220791656511e-05
4.875636087664257315e-05
5.063825876398335673e-05
5.044940936434278897e-05
4.906167072517128900e-05
4.876482201922508435e-05
4.895430462368940456e-05
4.892427403072844850e-05
4.932321766384140701e-05
4.960612644119913046e-05
4.853136102771973685e-05
4.807539820896656365e-05
5.228886488278318060e-05
5.055218773268884384e-05
4.987196968671662198e-05
5.007885499109857426e-05
4.736853902248492894e-05
4.890050248960755691e-05
4.760112449559196366e-05
5.092014752665710315e-05
4.568952522213974224e-05
4.849783343014983124e-05
4.939789433388453853e-05
4.773070451892509711e-05
4.761615022480806327e-05
4.975236496096251387e-05
4.630259866032129242e-05
5.013145559450122397e-05
4.857016876858298885e-05
4.817828485505027205e-05
5.266065400215852758e-05
4.864170333346219433e-05
4.727389742203483676e-05
4.935666112937233063e-05
4.757886236296338469e-05
4.834680205974192644e-05
5.030615098410514438e-05
4.675563529450310916e-05
4.596517511821316825e-05
4.921370299323881461e-05
5.014748375819624767e-05
4.814926341322438844e-05
4.546158193092060339e-05
4.800417899436941910e-05
4.671574697315911075e-05
4.575305731193623034e-05
4.680220719764345907e-05
4.732516762868074382e-05
4.488393776059096515e-05
4.879359539826058661e-05
4.596063473422810263e-05
4.926237184852632581e-05
4.986099661550409906e-05
4.930041820375852805e-05
4.630502267784846832e-05
4.799675646954257085e-05
4.616844493173736380e-05
4.996073644015218315e-05
4.567310511913515880e-05
4.985960978472707129e-05
4.638400789890586928e-05
4.762153171755533116e-05
4.628910268103856142e-05
4.624211524715266387e-05
4.637797045137042034e-05
4.635910057273939420e-05
4.761141224113200015e-05
4.660552851489739953e-05
4.700799441188212860e-05
4.807302319330073999e-05
4.591560734456393337e-05
4.516203764895715227e-05
4.412543887579317172e-05
4.639126363600903680e-05
4.488439342499468259e-05
4.545230750356338869e-05
4.521183935169793887e-05
4.543153061861219920e-05
4.488036775958454869e-05
4.686659550741882331e-05
4.618135107473316534e-05
5.006576240420827664e-05
4.778011884242670354e-05
4.474527920145474091e-05
4.485144616062578654e-05
4.534579770771916894e-05
4.501052169674888846e-05
4.475372072313770183e-05
4.628150205145147760e-05
4.468637274628520494e-05
4.485360932197174301e-05
4.806130356550374088e-05
4.593224098987024414e-05
4.702120368618684332e-05
4.649216168830325738e-05
4.414061299625008798e-05
4.660178618857906498e-05
4.360529557058305061e-05
4.471943213295938345e-05
4.447493221879410334e-05
4.356183197265948520e-05
4.596058020989476467e-05
4.508173387724850574e-05
4.487793637540222179e-05
4.327929772068507704e-05
4.400857731706715417e-05
4.453144586142642397e-05
4.260935582104622977e-05
4.802914437703424401e-05
4.964286916048544926e-05
4.477133478861627220e-05
4.432701990126059583e-05
4.601571665584352084e-05
4.459184617046144501e-05
4.730492846924525316e-05
4.390632572502911856e-05
4.374898290480106334e-05
4.462039753201468129e-05
4.514867821984848233e-05
4.426922045986379680e-05
4.427012192279518478e-05
4.423301153082801786e-05
4.187984911300380301e-05
4.452101040487706316e-05
4.340209875849509059e-05
4.552962887334673238e-05
4.546552424529829459e-05
4.367680497193570662e-05
4.151710935001979810e-05
4.462672771087530598e-05
4.449806173727557674e-05
4.332267769044484775e-05
4.351190172128251924e-05
5.259769891998685224e-05
4.448115831719733385e-05
4.393205151580715579e-05
4.452117404841961397e-05
4.480986909153503682e-05
4.266830211258757687e-05
4.309579081889151859e-05
4.359258574743528185e-05
4.315092199934463435e-05
4.306696716822919593e-05
4.445042172960396670e-05
4.261940639253855123e-05
4.323937925248899579e-05
4.531572114622544028e-05
4.895667920098382281e-05
4.284289816319955633e-05
4.358037099173038450e-05
4.560184635033629662e-05
4.305960877663540077e-05
4.309266084200319668e-05
4.385771875569134128e-05
4.297714465520431073e-05
4.492398106890190207e-05
4.381076249656289427e-05
4.214279715723481839e-05
4.297841484391567627e-05
4.200414593955998342e-05
4.426742745026458444e-05
4.313470175339185060e-05
4.101415629583473130e-05
4.258962587786869179e-05
4.377509127288780748e-05
4.291313543088264812e-05
4.108980180195969859e-05
4.190448060277991466e-05
4.648432411645104210e-05
4.310944005684930782e-05
4.114284277211557671e-05
4.235277221918814101e-05
4.676607102818382196e-05
4.183523131339679014e-05
4.337973034347458024e-05
4.592094235986450665e-05
4.102176111262457114e-05
4.297858733046764777e-05
4.218231946364731202e-05
4.086585330371835006e-05
4.265769073305751102e-05
4.263659898658318949e-05
4.047426006570006683e-05
4.141347362293695589e-05
4.121421837445265779e-05
4.157933611084979435e-05
3.994264836989696790e-05
4.475592485961338063e-05
4.163497941995940912e-05
4.458770955173644310e-05
4.084902500135209814e-05
4.144220587568018572e-05
4.235641233946475667e-05
5.174313012999579107e-05
4.093680909740960420e-05
4.100595713811384740e-05
4.156404422972431132e-05
4.430070153815340140e-05
4.080380129183989611e-05
4.290958970658245340e-05
4.402968930420749828e-05
4.067664704959707034e-05
4.249509780553564195e-05
4.063142808155031477e-05
4.249948623084361397e-05
4.230565648860365436e-05
4.015091963839063368e-05
4.046227124762634961e-05
4.237197318916187080e-05
4.219784384285882518e-05
4.226750930290897631e-05
3.991700343596923256e-05
4.198547836681414971e-05
4.378129373954504352e-05
4.434993662821435761e-05
4.040627742782454770e-05
4.147950508479394271e-05
4.030384861784658393e-05
4.134759634184661332e-05
3.948835712682437492e-05
4.239656728132204717e-05
4.028480168251569659e-05
4.017497119302712783e-05
3.993694589858187168e-05
4.041210666405768481e-05
4.043355715958339350e-05
4.651574501188902454e-05
4.941165718057939681e-05
4.539509777248471723e-05
4.472283043345910919e-05
4.113776300990421042e-05
4.191962859730869563e-05
4.223891538909670107e-05
4.168435901638353969e-05
4.727792065372784987e-05
4.336322002665757682e-05
4.257706205759338052e-05
4.159057208397677553e-05
3.964794702377102986e-05
3.940454069006616962e-05
4.148703943967846304e-05
4.409759256158699876e-05
4.051335077278749464e-05
4.438790403628319157e-05
4.052068523534895021e-05
3.930550532323118658e-05
4.353736648960052178e-05
4.089009462782553032e-05
4.107470816044669882e-05
4.066398590583054017e-05
4.140517700567855462e-05
4.115918689074286169e-05
3.884670880115739599e-05
3.939543284384380026e-05
4.058222877670471891e-05
4.129429837519340310e-05
4.122860584497694143e-05
3.916636400632276193e-05
4.164242028080409464e-05
4.246531799125228152e-05
4.153525698908257637e-05
3.971275100033824697e-05
3.959551119259133205e-05
3.975346642775316822e-05
4.458758004573741264e-05
3.900379280085995373e-05
4.020009359831462674e-05
3.900164884219714881e-05
4.086700472904954964e-05
4.443244651158938485e-05
4.055470596548102513e-05
4.011542888265038666e-05
3.878724437476738354e-05
4.528251882527865575e-05
4.259078580357419176e-05
4.495256094475163280e-05
4.023286088854635342e-05
3.923541083361939565e-05
4.040466304197700982e-05
3.860185804374231176e-05
4.013596096992237157e-05
4.038076018090643927e-05
3.939046240743046865e-05
3.864183015449016508e-05
4.077739550638879475e-05
3.983103152700032866e-05
3.839299533159988987e-05
3.921790453192579496e-05
4.041694456618214783e-05
3.812602615683537198e-05
3.823793384152525328e-05
3.715328767760579180e-05
4.518265765237072128e-05
3.884292330281355018e-05
4.382920038284620403e-05
4.253950281361494319e-05
3.859614967204884442e-05
3.843862984550844471e-05
3.966122924912446340e-05
4.002901533212405822e-05
3.875508185064418653e-05
3.951366815274713861e-05
3.813298873431945489e-05
4.309176389379342664e-05
4.108602841173645702e-05
3.761206099118874849e-05
3.840602256587920325e-05
3.833879286364795698e-05
4.086541467029575697e-05
3.807727790593557697e-05
4.072002238370516950e-05
3.891295325609215444e-05
3.766714837481113239e-05
3.811682714951524842e-05
4.033723900516593603e-05
4.106316786686537655e-05
3.733527477092330019e-05
3.826922167864417994e-05
4.123886279870466782e-05
3.805773394308736791e-05
3.891550854318149937e-05
3.718987289054926954e-05
3.863832978903376721e-05
4.199371712408551287e-05
4.036751825045123573e-05
4.023506516106833069e-05
3.949784131741945634e-05
3.806591413494643213e-05
3.641290853230199942e-05
3.706659185116429678e-05
3.840796436478062433e-05
3.956968808336083098e-05
3.809929110406971202e-05
3.857899931282187978e-05
3.724983565453207846e-05
3.912218360060541110e-05
3.713731416421290797e-05
3.865042456701930896e-05
3.740745083945048495e-05
3.776791701684260763e-05
3.911064885468982952e-05
3.662519466312192133e-05
3.781605131095055659e-05
3.926376775981777102e-05
3.696473406781274794e-05
4.000018904619454121e-05
4.339774310522889240e-05
3.934219198640361243e-05
3.710836818777289069e-05
3.768290756741513731e-05
3.607455177808733962e-05
3.878847999260257837e-05
4.024782141631403243e-05
3.809885794777033625e-05
3.694353363546188426e-05
3.714682460166617153e-05
4.098150067442061649e-05
4.060360438630102021e-05
4.152349199236427706e-05
3.800957918156956108e-05
3.689598267765101448e-05
4.111859438871710745e-05
4.021293808210452966e-05
3.740795926966316361e-05
3.848406650274966350e-05
3.562950115738607151e-05
3.846162403319379496e-05
3.758326255947924026e-05
3.690656447970795987e-05
3.837042958898098573e-05
3.765577214298875290e-05
3.829193538924875371e-05
3.769773261574351045e-05
3.762010999410567716e-05
3.615613872589014090e-05
3.623916358733581932e-05
3.847583365593417479e-05
3.974704046222062790e-05
3.923988440375545219e-05
3.977148537205595178e-05
3.775624130176763216e-05
3.487155194498451418e-05
3.692495743544137486e-05
3.635836229550779627e-05
3.698620660283887608e-05
3.599262784612158601e-05
3.691220358871903894e-05
3.574055536821680776e-05
3.828411820418636282e-05
3.798954968963565203e-05
3.715771409006366139e-05
3.773876482444600067e-05
3.547524941992111300e-05
3.502657804790518925e-05
3.671332715863460060e-05
3.795222541777039252e-05
3.683484517655175776e-05
3.586113602965406078e-05
3.654288203176400945e-05
3.615273169071415028e-05
3.793125348777537316e-05
3.540346921841053810e-05
3.452490217118024684e-05
3.496428915422662389e-05
3.804613569882147749e-05
3.559226500321246967e-05
3.737375095183993311e-05
3.568970545393690825e-05
3.835651450143892004e-05
3.833937181623096841e-05
3.962895159456115247e-05
3.536378247989083873e-05
3.490831004506072963e-05
3.639702231024547911e-05
3.971710627569805300e-05
3.531751019604939003e-05
3.706879358667473218e-05
3.650112296295787175e-05
3.590916262548081515e-05
3.773485283327670414e-05
4.079877706675099063e-05
3.582500264662417488e-05
3.486641249875795795e-05
3.756511791847379011e-05
3.502419367023850599e-05
3.503549546458038685e-05
3.596373969943609682e-05
3.773746976445569606e-05
3.703044760458550631e-05
3.594814458622666722e-05
3.947066994401829079e-05
3.691660385005501150e-05
3.475835718672595157e-05
3.541581895471830230e-05
3.575594675965178851e-05
3.368438168829036058e-05
3.596636810889171056e-05
3.656342237251146633e-05
3.709451748540146157e-05
3.532206811489075373e-05
3.529117914536513919e-05
3.909129309929924157e-05
3.566957973695967816e-05
3.407993265926687087e-05
3.635244236678082717e-05
3.406250803070136286e-05
3.796458972866777269e-05
4.042133553102102909e-05
3.484395548232561610e-05
3.625483506786768783e-05
3.439330894479378686e-05
3.742602609218565336e-05
3.726400624710094140e-05
3.777841285275491587e-05
3.922276703323659334e-05
3.478958964796247761e-05
3.633261604235866300e-05
3.570985114956506734e-05
3.516469071874777952e-05
3.553341197392837381e-05
3.705565595586262891e-05
3.778775806953631200e-05
3.413896916462063117e-05
3.524241618131006238e-05
3.823946602517574946e-05
3.749659508609417950e-05
3.607994332314446958e-05
3.684863566331968057e-05
3.546378107971564510e-05
3.763040644660884944e-05
3.351614088432926339e-05
3.953607708437095920e-05
3.618168354233877693e-05
3.712568570759116639e-05
3.355683953773941239e-05
3.463205236718581331e-05
3.542756709177304758e-05
3.456643854731138128e-05
3.365798045787089728e-05
3.605397154554180664e-05
4.031414087306949007e-05
4.548637104796960295e-05
3.767796261448908788e-05
3.702766694924394363e-05
3.871570982500443646e-05
4.140527538730765802e-05
3.586159809831132307e-05
3.518663350032537026e-05
3.412840151641752885e-05
3.551926577899577946e-05
3.626418826603195221e-05
3.658609680100692618e-05
3.525896074148436783e-05
3.697865944448600756e-05
3.442061006101532151e-05
3.478598948498772670e-05
3.819137038333293878e-05
4.077257342594501472e-05
3.413380894362036183e-05
3.469286191356536032e-05
3.601982779428427282e-05
3.624560263346805983e-05
3.483012598302180217e-05
3.337381098984896637e-05
3.481643354280599165e-05
3.384572708888713001e-05
3.515914912973923785e-05
3.695200626135976556e-05
3.442159886063183465e-05
3.580185408669961015e-05
3.381989161204030525e-05
3.591528821086292843e-05
3.610509040823833057e-05
3.607277858086024776e-05
3.512472995526900462e-05
3.559196696608163337e-05
3.571599304034804421e-05
3.593487775929876964e-05
3.652420172105360263e-05
3.429741004475945912e-05
3.344592302591814498e-05
3.429565743587225843e-05
3.469669996105183540e-05
3.252937801695335811e-05
4.269212087185168223e-05
3.531844731318858817e-05
3.575956213461826022e-05
3.548027382640508537e-05
3.643702342908751083e-05
3.536445534976884555e-05
3.521557715893955176e-05
3.574506228985110387e-05
3.437960872978392316e-05
3.637982135691158721e-05
3.511493093338330796e-05
3.336451694159220139e-05
3.755796347539826555e-05
3.636267763372075777e-05
3.615285341184163099e-05
3.415314840368760307e-05
3.323974235570561234e-05
3.273515078509058772e-05
3.584552191027280492e-05
3.419006808897624624e-05
3.311835027383182778e-05
3.866039756692751198e-05
3.435744443459925372e-05
3.690889613691445033e-05
3.298135872526704234e-05
3.334913982997985207e-05
3.334112603282181803e-05
3.574651947168090086e-05
3.962078970344866044e-05
4.058606061141020581e-05
3.831930396931827976e-05
3.801762373022989186e-05
4.283878166924928521e-05
4.259173284201570855e-05
4.184537403862097519e-05
3.786198443136889655e-05
3.916236391761682118e-05
3.903485270500198489e-05
3.928689699109038909e-05
4.121467962179338099e-05
3.864707241140866086e-05
3.845463905341915206e-05
4.159585813268724811e-05
3.949291216853846413e-05
3.686182277215518070e-05
3.454049062315978628e-05
3.504151902027709308e-05
3.521698675983600801e-05
3.982006669918576760e-05
3.600426088296872738e-05
3.763001392784282397e-05
3.456772315189167671e-05
3.547241024451602658e-05
3.584458870824375909e-05
3.783067325475158581e-05
3.592573102398993691e-05
3.516932074716630952e-05
3.687965443109192918e-05
3.530726283106635854e-05
3.859260218922426619e-05
3.642895362116435224e-05
3.396825070058058602e-05
3.351858078904089737e-05
3.678075142218950968e-05
3.545474523725665358e-05
3.277679278857591617e-05
3.388044576424559853e-05
3.273192765679754454e-05
3.235199616643422241e-05
3.241574049349571138e-05
3.222594487673017269e-05
3.344441685734324737e-05
3.276843752024644773e-05
3.528474563178238775e-05
3.319125184199967534e-05
3.491227862393222873e-05
3.834312975260240904e-05
3.820192743504098517e-05
3.638006639645087871e-05
3.445377922697519176e-05
3.305922930892021681e-05
3.463637713794215779e-05
4.105946115948359387e-05
3.741430258454975347e-05
3.730021261645079765e-05
3.243469991074639989e-05
3.605676728186753315e-05
3.660365930493821485e-05
3.576984412086497912e-05
3.359436023526649311e-05
4.713223216915083633e-05
4.297778712629264446e-05
3.652910307114085780e-05
3.903155665589274644e-05
3.455758292084963249e-05
4.879410267459909566e-05
3.434186196361811889e-05
3.215994017064530358e-05
3.210441692995256768e-05
3.267833370378549191e-05
