1.999129430156128956e-02
1.919927285278572125e-03
5.552597406644043786e-04
4.320403295675540370e-04
3.725996059497787313e-04
3.159959890674593486e-04
2.611009938977116944e-04
2.161190891267546102e-04
2.022418600045611400e-04
1.866755094617821931e-04
1.721942410609230930e-04
1.559671053003101849e-04
1.354650749689177160e-04
1.257349392096060426e-04
1.175054417935347058e-04
1.063480070863729167e-04
9.649287621012418833e-05
1.025647245235599244e-04
9.013358031751374168e-05
8.413816445742197778e-05
8.003639227870614522e-05
7.654237093331699398e-05
7.380103647910120032e-05
7.550473152185787338e-05
6.307341140290848220e-05
6.507227499493645261e-05
6.328145965120826925e-05
5.955363080942928605e-05
6.189680909170379637e-05
5.475515393494148777e-05
5.761974910725619812e-05
5.117433658264734802e-05
5.217018972107930445e-05
4.866088690966467278e-05
5.120885630540996357e-05
4.560532323017050859e-05
4.515434749082789586e-05
4.517540596642401131e-05
4.315286147034271631e-05
4.386025852846385168e-05
4.302767126301304957e-05
3.768891742022629690e-05
3.848467752698794976e-05
3.835439389739075759e-05
3.612796535890083760e-05
3.616868453010835439e-05
3.456061100913760087e-05
3.488910527838751346e-05
3.390581212574074270e-05
3.228925997771869659e-05
3.175345014506974388e-05
3.275653426269784641e-05
3.065077172446521508e-05
3.189791438427438920e-05
3.058107142144629630e-05
2.940913173182621817e-05
2.786928026250388201e-05
2.747102728606281528e-05
2.834231774079619241e-05
2.693331906335928800e-05
2.663782666343163613e-05
2.510637884453365511e-05
2.590990897112137594e-05
2.488497059774624252e-05
2.483086410541941456e-05
2.440087155264336616e-05
2.430213526848021966e-05
2.383309849866032569e-05
2.354043035187427569e-05
2.350374877028305263e-05
2.231883109514385533e-05
2.226796251480787572e-05
2.211717108976117877e-05
2.150292599565991993e-05
2.272954931120043729e-05
2.147580054292337425e-05
1.997328221366948342e-05
2.087996984696385835e-05
2.001559460796693287e-05
2.080837928139703846e-05
1.881644943511530133e-05
2.001150949032418585e-05
1.887814969676862692e-05
2.129783313905635021e-05
1.786045596768455379e-05
2.000420964398766941e-05
1.840342726742905498e-05
1.774570618763290713e-05
1.876993851094936109e-05
1.789964587015949150e-05
1.829602701076802444e-05
1.749547057158434146e-05
1.726133523132733315e-05
1.827904386000051340e-05
1.673609124300833761e-05
1.684665124046463245e-05
1.802019583300133862e-05
1.691616955132628567e-05
1.677900719411388553e-05
1.694818684098667343e-05
1.029028667075674993e-05
1.012185760013269868e-05
1.027710885967802307e-05
1.079316367128168365e-05
1.129886764965326167e-05
1.143480027303289264e-05
1.120876646971918896e-05
1.125847151534368444e-05
1.124089677606330764e-05
1.130667806389290765e-05
1.084411895593944033e-05
1.106181365775885809e-05
1.095165725550475557e-05
1.074862591854562399e-05
1.077854730411922145e-05
1.074891893204090002e-05
1.072165835887611933e-05
1.072855589237277555e-05
1.048018460441654931e-05
1.044404737303996649e-05
1.037895145371223871e-05
1.052462037659502985e-05
1.047807670432138705e-05
1.019770606214184072e-05
1.031283025546457377e-05
1.017669085556721210e-05
1.007976732031349417e-05
1.009775959072388565e-05
1.009653821114161674e-05
9.923116505883135147e-06
1.010971523995412572e-05
9.956554496810217288e-06
9.847672286555796990e-06
9.838360038327493212e-06
9.820347706126768503e-06
9.832215804524927294e-06
9.731034139786614879e-06
9.730419922239370766e-06
9.774224534067643845e-06
9.454983776316181005e-06
9.730108135614535736e-06
9.372604858918518608e-06
9.448113852660069132e-06
9.609489977045999420e-06
9.417301057724632819e-06
9.404580895058146662e-06
9.280004126788569060e-06
9.504335556310936919e-06
9.092340762405691108e-06
9.272345542737849095e-06
9.390818076076420874e-06
9.259242563421944943e-06
9.116007263186968367e-06
9.019064676412655762e-06
9.096735838866051654e-06
9.046549434982671805e-06
8.948516895649248154e-06
9.084670098577349705e-06
8.844694869536029677e-06
9.026189989204276475e-06
8.779565214505241597e-06
8.905508070270330944e-06
8.764765319625902721e-06
8.970938716400198709e-06
8.682634855521884537e-06
8.761306778328907234e-06
8.804855028542572136e-06
8.622945233456899873e-06
8.655642986394270597e-06
8.579237756166649615e-06
8.518635069444234164e-06
8.625669277162185313e-06
8.546232830841414888e-06
8.538189287412069293e-06
8.477971935455289021e-06
8.519355734402537855e-06
8.599306095617328374e-06
8.438916473177088902e-06
8.357804439069607002e-06
8.330068206474239509e-06
8.274797363158129852e-06
8.313556584620518088e-06
8.388359999426683817e-06
8.246997583084617113e-06
8.182808612629309200e-06
8.192967061278519681e-06
8.341828533529302807e-06
8.098332571766920279e-06
8.074768327414883674e-06
8.148126696224984052e-06
8.030982437068960749e-06
8.053602871559708569e-06
8.069319518203114949e-06
8.038906340375319388e-06
8.045697971905802051e-06
7.940235331982188236e-06
8.104236062825802069e-06
7.894776208206338370e-06
7.951820757663473764e-06
7.956280786154045571e-06
7.787326561700061789e-06
7.892273215802661707e-06
7.890031939947080009e-06
7.825516745583311723e-06
7.732892045370687824e-06
7.703604368496025026e-06
7.900099455502056971e-06
7.811250271865940198e-06
7.595528343415008410e-06
7.741713389424801530e-06
7.577456315861898281e-06
7.795068472849158261e-06
7.615491595917618192e-06
7.714506744760959476e-06
7.587414942730564830e-06
7.547121083745546175e-06
7.637380928935376141e-06
7.485343918142713619e-06
7.631966777518246967e-06
7.495936804193950832e-06
7.452306132597546596e-06
7.421234601535711740e-06
7.531848337280066300e-06
7.449629792015337514e-06
7.388257788666513955e-06
7.465533895342345897e-06
7.312262152275119044e-06
7.332463615548627831e-06
7.242603587756824261e-06
7.662298462353324575e-06
7.315333317482153727e-06
7.220745930852322372e-06
7.250324262456571071e-06
7.221669867876472312e-06
7.322762398354946381e-06
7.447807790697897301e-06
7.162338899126598167e-06
7.134382244443753154e-06
7.305078769758415631e-06
7.164095275740460592e-06
7.254647075027998408e-06
7.049987389840065405e-06
7.193686920356835745e-06
7.104413880697494005e-06
7.153147335302592819e-06
7.115325718478640313e-06
6.973088758736732609e-06
7.126488520111517971e-06
6.999347866122634111e-06
7.123385672492787641e-06
6.954387980616467915e-06
6.970659104735812343e-06
6.902413596438027796e-06
7.175160183243478368e-06
6.846973024026874050e-06
6.923153434596375901e-06
6.969131655622482883e-06
6.996181447721532488e-06
6.785578740577232889e-06
6.920041026575929234e-06
6.834917402811496322e-06
6.831350226025467748e-06
6.879601310842255730e-06
6.761828532901662286e-06
6.754961019028604159e-06
6.859054558912969185e-06
6.682389361875849447e-06
6.898273290606391707e-06
6.696886523507668901e-06
6.711419493029228679e-06
6.773085004300850669e-06
6.753658232742243456e-06
6.667712637394983869e-06
6.488684791048673704e-06
6.737003895171777735e-06
6.699961147187977787e-06
6.573011024780987852e-06
6.648091337894453400e-06
6.583952907379490601e-06
6.599714386317129966e-06
6.610857599802344889e-06
6.552388406255223540e-06
6.634952774913265843e-06
6.418633105633509458e-06
6.625575380662805594e-06
6.459958689991560855e-06
6.549893416019266194e-06
6.645510358209631161e-06
6.483300577375426299e-06
6.467077962579449081e-06
6.581505918812654506e-06
6.450447713391855939e-06
6.320518412601037815e-06
6.468327350063655242e-06
6.351779802571400069e-06
6.416909463900627736e-06
6.391224125481813576e-06
6.435405482893417763e-06
6.421141912126931082e-06
6.349271298403087091e-06
6.385898767578930504e-06
6.371923541274325687e-06
6.344577716837820880e-06
6.267485197084200272e-06
6.331848411356175286e-06
6.367570906850308370e-06
6.243872877371296283e-06
6.371533379384456357e-06
6.158619691866641083e-06
6.219804379931835390e-06
6.288291198462726523e-06
6.147579339145960644e-06
6.315307979179290355e-06
6.184011168705263626e-06
6.250404197535594381e-06
6.116434841289316036e-06
6.534114171072587010e-06
5.996277207630459848e-06
6.294669742412446376e-06
6.220513145247894913e-06
6.086319239546562071e-06
6.232768559900838008e-06
6.127780656686386519e-06
6.244624836127561669e-06
6.081999211515354495e-06
6.083234496792930658e-06
6.085315273916940930e-06
6.096527058515854599e-06
6.065670942911728530e-06
6.110821851278089989e-06
6.087312956355001806e-06
6.050096914359251582e-06
6.142240977484343735e-06
5.974121179147974926e-06
6.082352535720581804e-06
5.931076502420082124e-06
6.181426219743703550e-06
5.927539290461225967e-06
6.021381270601676822e-06
5.822765403191168071e-06
6.009190405508644792e-06
5.994808464384629162e-06
6.015357442182528432e-06
5.967080902851282065e-06
5.882372755665812954e-06
5.982807401514165706e-06
5.908884698169899196e-06
5.862046098934979623e-06
5.886753619696847766e-06
5.852903341720697615e-06
5.966539976468494481e-06
5.774302993123453446e-06
5.892419958122709966e-06
5.708296511508411824e-06
5.992242499550358064e-06
5.766596300330135862e-06
5.805242033355654978e-06
5.797334497174863652e-06
5.781302426557659532e-06
5.781905826534611862e-06
5.806951298269933934e-06
5.956992245953397017e-06
5.649198655572292669e-06
5.839186159973805206e-06
5.686794408456813721e-06
6.002848095223193202e-06
5.622172403262013640e-06
5.716485118712844972e-06
5.836583553966213131e-06
5.571646898310079091e-06
5.769668776242485444e-06
5.890959492286415748e-06
5.528491432026755158e-06
6.071032787676158039e-06
5.520531082798707821e-06
5.638719985427717627e-06
5.693914324115401144e-06
5.519273758020713055e-06
5.659035912136570705e-06
5.662158842330485325e-06
5.550050251898575406e-06
5.742080448018538859e-06
5.552047002167551150e-06
5.742457475142125859e-06
5.553296689457489275e-06
5.730438074364292838e-06
5.481413331470628359e-06
5.809229248680567691e-06
5.381564561450275882e-06
5.616215495135502081e-06
5.517297751033251641e-06
5.579225954481288149e-06
5.572808210302171549e-06
5.551931740090045204e-06
5.429737529867902943e-06
5.445252407253190882e-06
5.785829750098034185e-06
5.398659287188656992e-06
5.412174941537517030e-06
5.435910146329572979e-06
5.572278367913679171e-06
5.423385682484962758e-06
5.494160881012891554e-06
5.347948041877956600e-06
5.483448145730468016e-06
5.384283377450558428e-06
5.464827144278085961e-06
5.331831735927362118e-06
5.537818758719852023e-06
5.324847110125039253e-06
5.500623554482213321e-06
5.306301062625212127e-06
5.290714168249830413e-06
5.458679957137115116e-06
5.380856777431131966e-06
5.406891196796304669e-06
5.312339138744948786e-06
5.373913313822191830e-06
5.564492083626608735e-06
5.209259721984011027e-06
5.371686038138514585e-06
5.295624481646716363e-06
5.300863183095964068e-06
5.335801360339861460e-06
5.364068623209461319e-06
5.214926997617710030e-06
5.297052827959594891e-06
5.396356827029529157e-06
5.366308041025313185e-06
5.157327995248552248e-06
5.302537377667799089e-06
5.263542915148859702e-06
5.372214338668952867e-06
5.413778659087780918e-06
5.226178977599503144e-06
5.128997177972524021e-06
5.238645110333780603e-06
5.287403351188878564e-06
5.266550306763762460e-06
5.128178403477721490e-06
5.307815168493903422e-06
5.230424992665056346e-06
5.131891865936152221e-06
5.419817066505449170e-06
5.158857894454949658e-06
5.094578797105697383e-06
5.153976523648462780e-06
5.170473300079662611e-06
5.198793168148007028e-06
5.189802943398684895e-06
5.116753734134194544e-06
5.222473861203602496e-06
5.093313902232950827e-06
5.113575367592861815e-06
5.197909038522847809e-06
5.090924992838857238e-06
5.180904742003519707e-06
5.082092126419041212e-06
5.028122433054641817e-06
5.247628967990346791e-06
5.039594751354662979e-06
5.150814616189918723e-06
5.027289836633778957e-06
5.087973654188624674e-06
4.991675705795767401e-06
5.135139155044122815e-06
5.090281445977011554e-06
5.127382044500190645e-06
4.976263107514102631e-06
5.033156772807964230e-06
5.155914764561260793e-06
5.018826802629808538e-06
4.939039728465872958e-06
5.013019374114503910e-06
5.094083001563187679e-06
4.922276488352528886e-06
5.089004255920004602e-06
4.956148108591816301e-06
5.160504775842752926e-06
4.939520352326681148e-06
4.875553078133214355e-06
4.993964565104070764e-06
4.913472823388986157e-06
4.931906632692237333e-06
5.061965957843677905e-06
4.871118080901948828e-06
4.966766709912917577e-06
4.994626653942734561e-06
5.052468607288556657e-06
4.886961495612620547e-06
4.923851681528793290e-06
4.875336130265110430e-06
4.876155523266698192e-06
5.072232085878764215e-06
4.874586265740065742e-06
4.880817987390315379e-06
4.823953699909040595e-06
4.872180882776772007e-06
4.975915144540801696e-06
4.937845519722898600e-06
4.797733537035881832e-06
4.901624228739397094e-06
4.906517439352949946e-06
4.904160926613620650e-06
4.870460113762265957e-06
4.814003543812011340e-06
4.799506388478631473e-06
4.804625836529095570e-06
4.993044221969649960e-06
4.810689728693732225e-06
4.773330947677009958e-06
5.022766569288610984e-06
4.806085811716931985e-06
4.676629948896996925e-06
4.897683999775115410e-06
4.807330899256311402e-06
4.739969764333305291e-06
4.877524865795877434e-06
4.891896396858653147e-06
4.752783826659152604e-06
4.723646553376809984e-06
4.904019992095640680e-06
4.690282514320516952e-06
4.826378549460110071e-06
4.704716627940465232e-06
4.783764963143354298e-06
4.802569850693836116e-06
4.686000434388880653e-06
4.780736892491021844e-06
4.757788783561137379e-06
4.740762935040628260e-06
4.670572809289629104e-06
4.740613270885135924e-06
4.684149839414603805e-06
4.689875764229844453e-06
4.746382246795844380e-06
4.724514378860798607e-06
4.733933912192649057e-06
4.580104050521457694e-06
4.778314223459797525e-06
4.690943414643597225e-06
4.830978784369025263e-06
4.701092576873221451e-06
4.640603848451281015e-06
4.753110342185373054e-06
4.639429689531604247e-06
4.595104034865030996e-06
4.616867168564633134e-06
4.805697168380889855e-06
4.698411279418918491e-06
4.570825422104921578e-06
4.624727635245387494e-06
4.798375725324270061e-06
4.545315398237533107e-06
4.596324383392709439e-06
4.613121452426019698e-06
4.634911610211269347e-06
4.693456667835491780e-06
4.475763616837135935e-06
4.633818241378432294e-06
4.551899815508721483e-06
4.770951353045481190e-06
4.623567203775174709e-06
4.575099689451875635e-06
4.684424053956720643e-06
4.499070724236630451e-06
4.562278148988497044e-06
4.652550485244064914e-06
4.530790613538445750e-06
4.574999391837401593e-06
4.708340471159196713e-06
4.528724885906405618e-06
4.530447337234172364e-06
4.601577204684217138e-06
4.542025842819689267e-06
4.508942819360768845e-06
4.552679704696115935e-06
4.527967106761954838e-06
4.640906278114003874e-06
4.506232520740578231e-06
4.509164686310327431e-06
4.548221561958409836e-06
4.569517094451257231e-06
4.453184305489444557e-06
4.573062474226797654e-06
4.647744792710705799e-06
4.820109093227396661e-06
4.412067277588200282e-06
4.589101021529610768e-06
4.429121493021714127e-06
4.391207456671743219e-06
4.550225223505337935e-06
4.556049897778557249e-06
4.373341687274770966e-06
4.552859324860964418e-06
4.451287284085831634e-06
4.457762088350136764e-06
4.442500014590835630e-06
4.423979742196049915e-06
4.567091262343585079e-06
4.503418458474511867e-06
4.335476862524200276e-06
4.451347814611329159e-06
4.471494298804147404e-06
4.412241198924751211e-06
4.427010446855891341e-06
4.444594216209356009e-06
4.342749195386300166e-06
4.447824738240834080e-06
4.442939677808333804e-06
4.338505080560023300e-06
4.427954986706349010e-06
4.412243669172826687e-06
4.456250251179448232e-06
4.400704127625214819e-06
4.360829301318250732e-06
4.460200085264367744e-06
4.377994129950881343e-06
4.294674244547952282e-06
4.391488410544406181e-06
4.366177779533815180e-06
4.404192641937355456e-06
4.282732757359518705e-06
4.384755838223893711e-06
4.424148028948388771e-06
4.321482167742287418e-06
4.386077584073628579e-06
4.400919437269136003e-06
4.390874378171290161e-06
4.280371762020610408e-06
4.424354484875535608e-06
4.380901892845613679e-06
4.235608612689348502e-06
4.322230369479234553e-06
4.358245824302062370e-06
4.246364375763012106e-06
4.275595866146082078e-06
4.303477978164488627e-06
4.372429201443954741e-06
4.311298672717515647e-06
4.224736946357010361e-06
4.339006647362887927e-06
4.260265337794216675e-06
4.307093939515700715e-06
4.304210782735591103e-06
4.284355651769328015e-06
4.318008063630480629e-06
4.310517110034676768e-06
4.360609274772791134e-06
4.269401809795459062e-06
4.215032921318883102e-06
4.279678061942620415e-06
4.284000466375150657e-06
4.394914980961166161e-06
4.259747425910322866e-06
4.128029400348864112e-06
4.322666490454209898e-06
4.213707710067590908e-06
4.370648826514907948e-06
4.191740407404319921e-06
4.282958218828649963e-06
4.222566660215997424e-06
4.289536217359875239e-06
4.248843556285321258e-06
4.350636423507764059e-06
4.209614272815763454e-06
4.212589791176245573e-06
4.184789674136205189e-06
4.245609027186466133e-06
4.213742454150854919e-06
4.069329449604458530e-06
4.304316032813250042e-06
4.230403811962280816e-06
4.156643204633910734e-06
4.161655931291186866e-06
4.277716179206327977e-06
4.235803466260607300e-06
4.188170295545361646e-06
4.191637711973828618e-06
4.107726711700704284e-06
4.240337389306165858e-06
4.094839632192528829e-06
4.181553546493337993e-06
4.171395363638285705e-06
4.124144603952936786e-06
4.178669147031062715e-06
4.129884737103515954e-06
4.082072440965865139e-06
4.280227019465949415e-06
4.137860131729547063e-06
4.054882211295732954e-06
4.073731633224247246e-06
4.217553996543118856e-06
4.089145328379196796e-06
4.246882953391988472e-06
4.226081105204641929e-06
3.943265991944633153e-06
4.198045512176247446e-06
4.191678166222582287e-06
4.268150959183696609e-06
3.995874717815205490e-06
4.115069185877536427e-06
4.031481826522724571e-06
4.092245296666189252e-06
4.100078991198887204e-06
4.252748584529454897e-06
3.932252166677624603e-06
4.135570835939368887e-06
4.074906705417689539e-06
4.123532532913963214e-06
4.055893659471792662e-06
4.145865602980056858e-06
4.093323752683199861e-06
4.140806662150864238e-06
4.222742039011509441e-06
4.067583896859329168e-06
4.222348702707999328e-06
4.087198091719807303e-06
4.123565689160562875e-06
3.996920920152033396e-06
4.100720814807613606e-06
4.089914624535675612e-06
4.246684412714092109e-06
4.048290808425003402e-06
4.060306697192824459e-06
4.045550286741609682e-06
3.979497462466479762e-06
4.022700387493417302e-06
4.063203195957884318e-06
4.124011094035749488e-06
3.943616107724645062e-06
3.963232582620317216e-06
4.027213829902398661e-06
4.064134023475134707e-06
4.052575749107979734e-06
3.946694623210882749e-06
4.055815437258844985e-06
4.050549785415695055e-06
4.034661610842847720e-06
3.955355212186926637e-06
4.141724434262173634e-06
3.960555228619150211e-06
3.864286877224583311e-06
4.268414684619153961e-06
3.822788123563688000e-06
4.081750016276271214e-06
4.005840480186279621e-06
3.834875932955475034e-06
4.058276047461356613e-06
4.082780498337294755e-06
3.867085258895015131e-06
3.889630315548211536e-06
3.973740401314271331e-06
3.951160773784904215e-06
4.028461016081906910e-06
3.977914555591037597e-06
3.965842676528021295e-06
3.910713390960506741e-06
3.867708041060650196e-06
3.974630184418962231e-06
3.935930411410121676e-06
4.054119554639529634e-06
3.887197632627608757e-06
3.928982481577545466e-06
3.853229956143184613e-06
3.947122531020407955e-06
4.041192657654860965e-06
4.002136783458700845e-06
3.927250203424059805e-06
3.874740757340095454e-06
3.970854891437065949e-06
3.837113856781415361e-06
4.053941468774607740e-06
3.799652524568471721e-06
3.969399792501294157e-06
3.929222320495123025e-06
3.856243379144004437e-06
3.962821975365133221e-06
3.908185610417299478e-06
3.855076756937348377e-06
3.814358732675712140e-06
4.055592078838749847e-06
3.869108681166855731e-06
3.845908952087816315e-06
3.899903553262102698e-06
3.954607908607490019e-06
3.764751684475489151e-06
4.154565215829183976e-06
3.804873549446524707e-06
3.841211556187430342e-06
3.849727413946004494e-06
3.858727565666237092e-06
3.783604406156595395e-06
3.916719189465990264e-06
3.892376138628354283e-06
3.812344594933926344e-06
3.846989172297804794e-06
3.821278728298095532e-06
3.862387291726142100e-06
3.997398292758236993e-06
3.815199046574816514e-06
3.843415649833714870e-06
3.753164974542336683e-06
3.889228917871649989e-06
3.772972895553355780e-06
3.837259643617388676e-06
3.867166601355022296e-06
3.753432211043039849e-06
3.823475874765321635e-06
3.845357290014453274e-06
3.873063802162112797e-06
3.717376106719825236e-06
3.810634956522169291e-06
3.893872553754361577e-06
3.740386989049607260e-06
3.784807254469392638e-06
3.758509564731035237e-06
3.891245371549735874e-06
3.756078316595010609e-06
3.805975467781496009e-06
3.737555722595328753e-06
3.782668512804244157e-06
3.957880628295847721e-06
3.678481484548633171e-06
3.832937797856464624e-06
3.795767548667011083e-06
3.741931809889646958e-06
3.739463419224496252e-06
3.826498923041787659e-06
3.702973347992705186e-06
3.763120119003658175e-06
3.758380713139896499e-06
3.689968112273952247e-06
4.061361069235869777e-06
3.782693701524544348e-06
3.692173161393549227e-06
3.765086158080350114e-06
3.666029751937185796e-06
3.846553288144164696e-06
3.753042123474759764e-06
3.769234249413376527e-06
3.697047156097229947e-06
3.824182326664456057e-06
6.027003168496259359e-06
3.305582850290115136e-06
3.604670625118613876e-06
3.699038104243496369e-06
3.691447249834923457e-06
3.711072814638861671e-06
3.748992798605500173e-06
3.675237144055237602e-06
3.715420686812573854e-06
3.732174131592398218e-06
3.684275912454422907e-06
3.628705155387354778e-06
3.655099382886569098e-06
3.700787907175778042e-06
3.735835824340119534e-06
3.731304098505272520e-06
3.666702523559531672e-06
3.704215050120712150e-06
3.822908635390736666e-06
3.645254687235087340e-06
3.809555463781973863e-06
3.641022506062629259e-06
3.724649890742446628e-06
3.656388937410675291e-06
3.703014440903250765e-06
3.626987072972329735e-06
3.646647185348211340e-06
3.793018888139755621e-06
3.662192434439880026e-06
3.741008090791513504e-06
3.654450886080914353e-06
3.648461384788317456e-06
3.608594098973437406e-06
3.653499690669158760e-06
3.672478055516188342e-06
3.694365417752144040e-06
3.674642820759827775e-06
3.546732681031428026e-06
3.735909336894734958e-06
3.725512914295960295e-06
3.571942585503798099e-06
3.600405807320836037e-06
3.627070777977091626e-06
3.697108254741994737e-06
3.578257498835968888e-06
3.870037362805678268e-06
3.557547107773044325e-06
3.698714833673442193e-06
3.573909350160750789e-06
3.577297095735123571e-06
3.671800049890399985e-06
3.594585461965265566e-06
3.617528932724108573e-06
3.692194458937763730e-06
3.528814028674517805e-06
3.556722044915981956e-06
3.784594168174707919e-06
3.576056279167747526e-06
3.639600797045572582e-06
3.645927947616358296e-06
3.632557490569509714e-06
3.638172785179845017e-06
3.501197414787439707e-06
3.713029903317728426e-06
3.581994422982516776e-06
3.621740529335732881e-06
3.534403822161940932e-06
3.600959342550184766e-06
3.602605201701214266e-06
3.609920277035233309e-06
3.570299302414632101e-06
3.659643145984569703e-06
3.546318069228243236e-06
3.622782975283086495e-06
3.594502184624563490e-06
3.527960316104505630e-06
3.549344169098773862e-06
3.858716809190809727e-06
3.533151702414566124e-06
3.504564087042053636e-06
3.602036174829424109e-06
3.497081163642025042e-06
3.608566067137428448e-06
3.570447547531645254e-06
3.524872449954595782e-06
3.614068291842216834e-06
3.583151581783429526e-06
3.534873512876086894e-06
3.625849208181942960e-06
3.548845844417777484e-06
3.417979815416416936e-06
3.638810436387150336e-06
3.466970743940586330e-06
3.695304137844261119e-06
3.450266816234490201e-06
3.566163896139287954e-06
3.526171152962457464e-06
3.566620037334893983e-06
3.426321096800704901e-06
3.608164867861718974e-06
3.500901048632677077e-06
3.594272961097361889e-06
3.487082551443445416e-06
3.484503426649133639e-06
3.502914403478400187e-06
3.462030621917833958e-06
3.541753521279025333e-06
3.574983040778236472e-06
3.602586532810834452e-06
3.507154331416844920e-06
3.417584090114705408e-06
3.532761204188013532e-06
3.458301423437499470e-06
3.450057622375578665e-06
3.517648102385673795e-06
3.508523315249879730e-06
3.552673074963803045e-06
3.524591727234672015e-06
3.463000489054266966e-06
3.536644019724635267e-06
3.470510010450492940e-06
3.464947147831808471e-06
3.496930278533985097e-06
3.574217932454355939e-06
3.463094190942620855e-06
3.474677181962015209e-06
3.453345955896108746e-06
3.469941449663245350e-06
3.495717154946558912e-06
3.429190341272144628e-06
3.448940806970879888e-06
3.555491818545223098e-06
3.480155052489772397e-06
3.419948036902486756e-06
3.450715117447201150e-06
3.437345995984504048e-06
3.451606396116413698e-06
3.520546801195743225e-06
3.561105806229307677e-06
3.460128983757874595e-06
3.394428857623059673e-06
3.504857939489506793e-06
3.440240749451905647e-06
3.484551696631788921e-06
3.447105624908547513e-06
3.410943916220437241e-06
3.665862646142302535e-06
3.377316286830220022e-06
3.405422904529524032e-06
3.409761301960300802e-06
3.531960331748548863e-06
3.416380854447862554e-06
3.471567736412711506e-06
3.392561417786559074e-06
3.370940057242190996e-06
3.473765316842437435e-06
3.394002569772241982e-06
