2.307666248449416133e-02
1.902883568082265218e-03
4.866335311540795827e-04
3.192386079344637921e-04
2.626366363088161412e-04
2.184782837265267339e-04
1.717337009891171256e-04
1.460356766723894608e-04
1.247973513214829236e-04
1.152503498975685701e-04
1.099169402077898746e-04
1.029678827110433031e-04
9.736612901455328852e-05
9.605821322382209696e-05
8.877574897949416430e-05
8.890832464548965961e-05
7.925576346264345958e-05
8.026438196287716926e-05
1.186471506467585811e-04
6.660923649410795989e-05
6.037342380041413418e-05
6.562103061555703309e-05
6.583886828051850452e-05
5.869776679768713809e-05
6.251168232911837584e-05
5.397820589990683565e-05
5.661402178910032653e-05
5.388206834574888404e-05
5.039802717293879965e-05
4.959838453090769381e-05
4.980916718188581116e-05
4.707398080830688775e-05
4.631401167973369531e-05
4.911319562384369145e-05
4.357462964952345854e-05
4.300524867969525693e-05
4.412055538128106216e-05
4.278931936682951775e-05
4.224047903351890206e-05
3.955218611830189901e-05
4.081990324946419322e-05
4.040295483564284109e-05
3.713000198696332003e-05
3.891478308876707658e-05
3.684051212338775722e-05
3.605056539151179550e-05
3.618248924559922019e-05
3.537181165182749179e-05
3.355933630642694279e-05
3.363248422574874422e-05
3.368517911030860252e-05
3.135480499700048733e-05
3.279216035013016059e-05
3.172886644248651584e-05
3.045388563603515178e-05
2.974930246244538492e-05
3.097945598069448274e-05
2.836897748877279587e-05
2.984450529102575077e-05
2.878664259824124892e-05
2.798110645542244824e-05
2.762686340261277470e-05
2.725315724058896923e-05
2.739957847892456215e-05
2.694218548535444254e-05
2.655356958690102936e-05
2.500245802841888205e-05
2.474237843419727309e-05
2.529264621529568854e-05
2.479125459377348259e-05
2.484086073757135911e-05
2.279468136545434223e-05
2.335730054073239701e-05
2.430929060840761866e-05
2.136857625168955702e-05
2.324635884828499748e-05
2.144661943087110918e-05
2.134511857816353690e-05
2.147115450177276632e-05
2.155212122541116175e-05
1.969678130625456282e-05
2.229012982484316203e-05
1.950927269656977511e-05
1.935822339077840289e-05
2.005065816719443019e-05
1.965528993957037644e-05
1.885436233356885198e-05
1.820722356685709832e-05
1.884231806109856687e-05
1.787992220192030984e-05
1.742436237370763099e-05
1.847882244777444710e-05
1.688289992223507123e-05
1.686325439989816519e-05
1.728744090428681383e-05
1.694256684942879320e-05
1.623015861010754316e-05
1.643898717992805402e-05
1.581324244326399431e-05
1.599419838689160718e-05
9.130305454307794988e-06
9.029897358102192498e-06
9.010476691052664064e-06
9.267028251660284683e-06
1.010674362279937230e-05
1.038669358082315595e-05
1.019762181098386150e-05
1.026044544362645947e-05
1.006717776006464867e-05
9.896142460245002873e-06
1.001665502667699815e-05
9.683944777878638978e-06
9.722273293804763110e-06
9.541269668051424328e-06
9.554741395220562824e-06
9.552826691866235804e-06
9.257227144206114735e-06
9.200259709246329980e-06
9.342705649906281193e-06
9.333543651842983845e-06
8.969996515229343326e-06
9.138042217502769689e-06
9.045481629985296045e-06
8.868820822081974201e-06
8.951032316383140377e-06
8.754749478197547909e-06
8.864929602906659035e-06
8.565185876291790752e-06
8.850468850008931629e-06
8.643400590597174251e-06
8.567611400524452933e-06
8.594798985079616318e-06
8.470548322166161816e-06
8.321195040159560526e-06
8.528815823131489891e-06
8.275888402636501955e-06
8.157466966326658316e-06
8.368278746015026125e-06
8.039567714050078762e-06
8.234247202920146072e-06
7.995348508753013684e-06
7.970982115945475990e-06
8.025046387146560477e-06
7.861805552293654118e-06
7.882411366961185941e-06
7.999858731681008307e-06
7.760141836452768088e-06
7.856373242723563489e-06
7.803512490104132649e-06
7.772499804426937051e-06
7.739167317056212789e-06
7.641598381338541896e-06
7.544914923719012803e-06
7.554728069538084379e-06
7.692170234351141783e-06
7.454934012183992186e-06
7.513928727420559361e-06
7.400207562493899836e-06
7.434893556286055396e-06
7.413154476664844686e-06
7.239874832112174369e-06
7.419449940937663734e-06
7.262815978302599439e-06
7.246462025103851943e-06
7.259443623090224957e-06
7.263867406701859713e-06
7.291938500395887018e-06
7.103406105145488977e-06
7.179655744188616055e-06
7.198587244074090702e-06
6.928334850020659358e-06
7.125223129015524765e-06
7.000395970860118253e-06
6.913417968943463112e-06
7.083160526401453345e-06
6.929764648949018892e-06
7.033484199468352937e-06
6.734261871099913799e-06
6.943909085671196897e-06
6.741379859298095719e-06
6.872620910238168618e-06
6.728513928166405292e-06
6.655281950386331305e-06
6.714205595108345774e-06
6.651511234421263854e-06
6.719022622528316966e-06
6.573540621997447055e-06
6.708361282365035582e-06
6.638625803059706463e-06
6.530632707639774097e-06
6.396591929303481458e-06
6.599595640997591944e-06
6.484576028634229048e-06
6.466517970555309307e-06
6.380988352773335651e-06
6.675160505169666884e-06
6.247237568481356113e-06
6.317135870835885927e-06
6.405934965189807841e-06
6.339911641724880891e-06
6.377662580138000451e-06
6.280410551490993541e-06
6.199893149335015248e-06
6.244226492070520824e-06
6.244979821141376462e-06
6.220049961810821467e-06
6.134534813011428443e-06
6.070934964651663065e-06
6.155731826879328016e-06
6.175074499229335335e-06
6.183623370700243237e-06
6.057240339405629792e-06
5.967632796869954724e-06
6.090533879531735242e-06
5.987482972101288536e-06
5.886442070768238150e-06
6.005440117734635773e-06
5.941361444603075483e-06
5.998879516405298580e-06
5.914486579019873506e-06
5.861734238030672791e-06
5.686481840725898639e-06
5.989481527964476192e-06
5.823730305973957405e-06
5.771362658437128490e-06
5.750905828124339180e-06
5.917907619151903841e-06
5.620362755623918650e-06
5.669775981496998618e-06
5.595316440196317622e-06
5.634512051508139932e-06
5.732503607160129694e-06
5.577032818446988144e-06
5.534635797533716797e-06
5.440524631435479046e-06
5.464594940869054128e-06
5.525798887846767384e-06
5.424885679293403500e-06
5.452581753628398800e-06
5.387291786979475576e-06
5.335216250342789623e-06
5.361773264114251678e-06
5.378609405003653013e-06
5.386381919771894303e-06
5.355223401871670239e-06
5.329347587883045282e-06
5.230377492644646305e-06
5.279543570934679144e-06
5.203149857840652366e-06
5.294727506194763299e-06
5.190823579122228134e-06
5.168626583431888891e-06
5.421689867645665997e-06
5.037582857595725706e-06
5.197968198375758300e-06
5.244231676849093607e-06
5.072979603528575860e-06
4.982148859038450648e-06
4.966387234997394493e-06
5.221924418057166454e-06
5.082593991582251465e-06
5.160762071477689259e-06
4.948006834303867893e-06
5.086981588915326121e-06
4.992444204988073772e-06
5.078005838918644207e-06
4.903125813348128051e-06
5.014832847660385079e-06
5.131864348001138200e-06
4.799967969106366961e-06
5.060563644900587588e-06
4.821852998438522845e-06
4.908571419094941890e-06
4.998803111354078682e-06
4.812578996379145423e-06
4.916885562837882688e-06
4.931867234354893777e-06
4.809876566947273591e-06
4.945661182504088725e-06
4.793987875576914488e-06
4.879900197118823729e-06
4.779196524810620282e-06
4.719145432860154237e-06
4.774985245741823588e-06
4.863209318290498000e-06
4.694503993926924342e-06
4.759486623241610421e-06
4.710319567037441363e-06
4.886288794063767103e-06
4.639009905137635872e-06
4.694217968209798041e-06
4.757511701800771997e-06
4.760579448163013806e-06
4.708667706960821527e-06
4.726427816372314467e-06
4.613797554402951363e-06
4.723523418299375111e-06
4.663092896355237086e-06
4.664344324436290390e-06
4.527423405826473911e-06
4.674942906700728670e-06
4.482057685011963878e-06
4.602645864594282679e-06
4.736229438008899695e-06
4.665709390977688241e-06
4.496399315528025945e-06
4.601882878707721308e-06
4.456794758493258713e-06
4.741473798701995786e-06
4.388783226395141027e-06
4.625783538352990005e-06
4.498768478733394399e-06
4.569345964225213250e-06
4.491765274848303446e-06
4.505031588907076450e-06
4.455247511040505332e-06
4.474626008912055231e-06
4.487388775285685638e-06
4.349965694657046135e-06
4.492807081678232999e-06
4.440057414575812103e-06
4.506169900312360999e-06
4.406324311375485735e-06
4.448645238129076862e-06
4.434677315254003215e-06
4.394337050262674174e-06
4.277650951268081045e-06
4.447556757496195433e-06
4.339961251555333538e-06
4.317825408326002048e-06
4.469909662417349094e-06
4.277198356019398607e-06
4.383013255859329873e-06
4.276766752406029436e-06
4.344602432736012565e-06
4.385014695705337034e-06
4.201137966513623174e-06
4.368001515037623543e-06
4.357043482636525707e-06
4.156567650648717449e-06
4.359584550016004489e-06
4.193190468005624808e-06
4.253850890306534861e-06
4.192972790538894326e-06
4.314859877143005429e-06
4.361313779341760190e-06
4.248399117135162667e-06
4.057351899232717648e-06
4.226360432957996308e-06
4.261559765325446622e-06
4.180956330914186625e-06
4.138417464764919755e-06
4.224785934528353518e-06
4.086230624221919313e-06
4.129828565160552559e-06
4.232702648437570882e-06
4.119977172877733798e-06
4.142713422213525930e-06
4.228375238782370663e-06
4.176631542621755456e-06
4.013052299718196305e-06
4.184762961553392823e-06
4.209980221209708910e-06
4.039746150975950895e-06
4.042065759159969588e-06
4.279557601171222106e-06
3.975196689937251936e-06
4.232825138575833191e-06
4.023597870052090839e-06
3.984124528361216920e-06
4.043012172020917248e-06
4.073444924897917340e-06
4.113900339105987721e-06
4.048858220820983251e-06
4.048263127932811579e-06
4.030311209129577916e-06
4.137863410406296139e-06
3.877261358128134837e-06
3.994066451995447486e-06
3.972018160762164544e-06
4.118009058825051421e-06
3.931770973845633481e-06
4.024497929782991086e-06
4.041061624485201507e-06
4.052254643087684897e-06
3.830334293729651310e-06
3.926706732496496295e-06
3.998806525520625835e-06
3.992894642020490752e-06
4.017999242858361917e-06
3.996137015512104969e-06
3.884464425892808991e-06
3.885283380258799216e-06
3.866736381007291592e-06
4.004299111230081877e-06
3.862832831129492571e-06
3.895382510328673649e-06
3.855186127952049071e-06
3.882868121014591413e-06
3.888861545276036069e-06
3.817162737822895359e-06
3.969513825634508495e-06
3.951626376943739081e-06
3.696480066855241542e-06
3.926945521159773178e-06
3.828944109653723627e-06
3.795582349131720349e-06
3.784557929837341521e-06
3.967538066919482576e-06
3.745968724117926735e-06
3.880669459730483996e-06
3.754679339476959104e-06
4.057429370419899564e-06
3.621349336433392228e-06
3.834615646739018350e-06
3.733508275925592256e-06
3.747627895398535767e-06
3.801506082324983864e-06
3.788194042659863005e-06
3.694596491579078137e-06
3.708928799774447455e-06
3.735028640415081241e-06
3.769960870567818327e-06
3.774592151318140328e-06
3.732724271105054867e-06
3.742248438804746191e-06
3.764016671670448917e-06
3.736652270909570258e-06
3.692341061515493212e-06
3.635139167667739816e-06
3.874531079913206235e-06
3.646312831172489145e-06
3.709211602176004917e-06
3.575588137466797498e-06
3.748922258402346017e-06
3.702459004165365463e-06
3.684189073213940071e-06
3.650161641356253892e-06
3.660583964100372563e-06
3.653453954123818731e-06
3.694428781723618818e-06
3.630593866994241770e-06
3.688474169941240510e-06
3.636415530140392996e-06
3.533870729558372771e-06
3.737908415784955132e-06
3.641356370474355713e-06
3.473991476127005075e-06
3.734908252619435078e-06
3.643268958700616279e-06
3.525590548116825520e-06
3.537966898457883392e-06
3.645380408703635292e-06
3.495299403426670265e-06
3.637146096272805391e-06
3.415952323295730061e-06
3.787104906167960207e-06
3.395594488302143913e-06
3.586399344871965186e-06
3.575694831354564934e-06
3.535936875529336230e-06
3.595934381931779702e-06
3.588656493369118415e-06
3.471707575285506637e-06
3.515832596739138682e-06
3.507239568816685476e-06
3.488034468598007790e-06
3.608391575017696294e-06
3.400528052332939427e-06
3.450214915513361699e-06
3.513359124305174173e-06
3.447253867876624950e-06
3.513126411149437434e-06
3.403025867226731863e-06
3.540020588290733180e-06
3.332960494980339999e-06
3.506037882700991299e-06
3.327540036485587764e-06
3.462273075401035085e-06
3.542098322371432406e-06
3.351462805974700803e-06
3.375958278610455808e-06
3.393161383334387609e-06
3.421828817016275135e-06
3.410514215351362609e-06
3.536854066380804409e-06
3.325827251667188639e-06
3.315095796788116964e-06
3.400532517564906173e-06
3.354196756723705470e-06
3.408631407893294464e-06
3.340535851546624412e-06
3.368918740204697214e-06
3.298531252371821761e-06
3.369250494638146009e-06
3.350205215997931960e-06
3.345104194019594125e-06
3.457621150295862259e-06
3.291152727114640905e-06
3.245092009289158610e-06
3.297919519739018441e-06
3.380435777697926284e-06
3.182565404761598346e-06
3.413777988921579490e-06
3.392333724495928525e-06
3.276114418819282306e-06
3.225797826621532496e-06
3.268267386993876455e-06
3.314234573724972446e-06
3.247981736922294679e-06
3.317151912055355961e-06
3.262085411902635776e-06
3.272952496215767128e-06
3.286718708577636988e-06
3.261143080364607020e-06
3.355366336155995469e-06
3.144637400999266862e-06
3.227139528271685195e-06
3.219246101849908064e-06
3.213872399745202420e-06
3.215307556468147737e-06
3.262631604246268670e-06
3.239855063120309423e-06
3.077560592750972808e-06
3.212287223391631254e-06
3.163982441421914999e-06
3.230507837407516209e-06
3.232180132088498933e-06
3.262604511186962893e-06
3.120200412121031280e-06
3.150190212051841376e-06
3.240914937518619258e-06
3.189008000535590888e-06
3.166450454814352868e-06
3.207108893326984507e-06
3.388481696870990774e-06
3.027543812440798409e-06
3.199716727377040464e-06
3.304595626895480373e-06
3.078325068315216654e-06
3.027446002367350378e-06
3.207105509329410839e-06
3.080339965019951006e-06
3.141288515035051335e-06
3.096141718441406889e-06
3.119295964216416187e-06
3.080732960375898104e-06
3.189022134332054190e-06
3.140806340820952574e-06
3.013379910389575432e-06
3.110231061969141014e-06
3.078796799581221723e-06
3.063029082409437070e-06
3.059760828057382362e-06
3.126469997952278861e-06
3.119736583990787781e-06
3.058915803813625855e-06
3.098607287394057233e-06
2.961452085782596271e-06
3.177825964634515814e-06
3.004449005530966604e-06
3.015038153861189569e-06
3.027930614801287808e-06
3.053730250660927866e-06
3.034307463300044030e-06
3.046903543345307209e-06
3.058936915010172256e-06
3.039604295133709335e-06
2.982234486863299326e-06
3.102551965645106096e-06
2.974731289302566918e-06
3.121235476526712843e-06
2.970995781010817732e-06
2.911758750400135705e-06
3.023567060679404377e-06
2.995037890234242865e-06
3.015196846518988251e-06
2.991185680157480351e-06
2.918407540233591056e-06
3.137678229857854803e-06
2.888683580213486733e-06
2.884210232596133011e-06
3.016252394597516657e-06
3.054306493303858109e-06
2.940912184255596661e-06
2.940830935831869741e-06
2.938217853542314064e-06
2.920638654099353438e-06
2.948806374694390068e-06
2.985981399776300879e-06
2.903099235719671882e-06
2.983769627877270078e-06
2.930470525764695264e-06
2.975642634093485976e-06
2.938074277087299928e-06
2.855733123466041354e-06
3.009960358553016763e-06
2.923688758959691868e-06
2.920124501056348490e-06
2.914624029488765790e-06
2.995571377296267132e-06
2.836108531256067769e-06
2.970674872094356614e-06
2.920058356049956232e-06
2.888673255098863191e-06
2.960684450484479984e-06
2.806587434512968126e-06
2.955746816879557237e-06
3.012618173676018189e-06
2.801330153950037849e-06
2.876805306076147953e-06
2.952484531950364618e-06
2.825288276244602478e-06
2.962699844439547303e-06
2.934063698826722180e-06
2.820968384088352579e-06
2.851173789551914823e-06
2.887277136500896683e-06
2.849497414239118389e-06
2.853875064837774107e-06
2.864332826429966319e-06
2.826239857537257955e-06
2.882955078420334238e-06
2.812664197446411581e-06
2.838492321016047043e-06
2.800831245309868882e-06
2.930700776511903952e-06
2.819204256013390558e-06
2.813513976840848464e-06
2.809738123889369222e-06
2.971506771555528197e-06
2.836930662633565767e-06
2.714871986308299520e-06
2.814768587807805377e-06
2.849861406665997014e-06
2.821622290736870786e-06
2.801652254332202955e-06
2.778266496542636150e-06
2.899720089360118896e-06
2.887038187501167568e-06
2.716402851798734934e-06
2.778164395050228681e-06
2.819700193937012875e-06
2.780648747556450263e-06
2.866109795588748068e-06
2.745718729977639810e-06
2.749340026882670815e-06
2.830767785548851933e-06
2.692622639038623773e-06
2.842579689379439014e-06
2.816993678344484940e-06
2.629416565256139828e-06
2.858131511790863082e-06
2.759196425532981757e-06
2.772680955429589481e-06
2.770909437019069938e-06
2.711385240021804137e-06
2.768210167321071393e-06
2.701085226691886418e-06
2.740650175094170655e-06
2.839434899969807771e-06
2.673213836540990505e-06
2.765101509592673478e-06
2.768416106708195161e-06
2.781009230895677578e-06
2.713865138008192853e-06
2.692854862891739807e-06
2.759652343961962236e-06
2.683394708829397590e-06
2.866401418222928113e-06
2.719489438385190755e-06
2.681393735133980813e-06
2.638492431199425002e-06
2.731812756062544007e-06
2.707534435998970746e-06
2.714914728067097822e-06
2.691194177744759765e-06
2.715347671042725077e-06
2.707265965741125449e-06
2.748614843424639201e-06
2.698171048440928364e-06
2.618570663668963538e-06
2.716321670066679052e-06
2.695932309609326795e-06
2.778458460741985018e-06
2.627988402865359924e-06
2.876962005931536205e-06
2.597522966577501764e-06
2.620468540334649122e-06
2.641999361910130104e-06
2.698243557145811413e-06
2.683780203272924084e-06
2.732313176150214960e-06
2.637696117446223691e-06
2.593785372529666147e-06
2.583112751452997535e-06
2.674233617496381666e-06
2.709645267808212849e-06
2.661733735866782310e-06
2.654241449132496961e-06
2.630721672875549071e-06
2.679175449566588274e-06
2.731875771743700791e-06
2.627777629195987454e-06
2.662177287310245707e-06
2.649522173387567620e-06
2.539982735517398197e-06
2.762152404602740737e-06
2.581085708916472690e-06
2.543308222035099600e-06
2.628718058466412333e-06
2.658638589248885761e-06
2.751939760817046380e-06
2.508300154122784318e-06
2.717186489296754198e-06
2.528829452019685831e-06
2.611547039001617371e-06
2.632053019002441262e-06
2.553123322991337571e-06
2.741993314243548080e-06
2.500236907555219460e-06
2.526662669699754976e-06
2.604818970740368229e-06
2.604961301823457647e-06
2.613048834525760677e-06
2.566455708453778594e-06
2.692895818143087955e-06
2.494451994975184089e-06
2.662433981477687235e-06
2.676549275667506682e-06
2.471936365141795950e-06
2.547308417819305839e-06
2.628541500043009044e-06
2.625742155864730683e-06
2.509128723838155985e-06
2.592780438245955029e-06
2.583059016626210056e-06
2.596702108561696851e-06
2.515340504922936256e-06
2.506640131745879694e-06
2.592258892794076557e-06
2.574821168500172134e-06
2.552446640618925813e-06
2.580727001372561223e-06
2.521314738224178914e-06
2.548753100739036430e-06
2.446847036005423093e-06
2.621780132250440926e-06
2.522046277432989481e-06
2.617570076092643822e-06
2.503252239793086578e-06
2.457995897119703390e-06
2.576686494447235686e-06
2.481824084688675283e-06
2.590408317800595427e-06
2.416835282075035439e-06
2.528404161999666129e-06
2.451618947374006734e-06
2.561989599474347194e-06
2.566495854075155018e-06
2.472639086637784004e-06
2.553616966099491138e-06
2.473011643588287958e-06
2.455833796002176075e-06
2.570373234210457709e-06
2.491253910972902962e-06
2.459038785529578619e-06
2.478206162451294874e-06
2.480946888106501348e-06
2.525194510966364402e-06
2.472813343334664070e-06
2.472512188974855935e-06
2.467126787837998423e-06
2.464759484051699593e-06
2.486094376210619124e-06
2.665704623253334520e-06
2.450656679864158444e-06
2.512776313502444113e-06
2.465525216736659405e-06
2.399083598274983359e-06
2.427681508827300794e-06
2.497973739530062820e-06
2.549611753235658838e-06
2.495117294841716011e-06
2.447937935852744876e-06
2.519509880543780357e-06
2.390311457258028853e-06
2.410022385464105445e-06
2.453018869816075804e-06
2.470232568494630458e-06
2.380258242848486280e-06
2.497266630551465113e-06
2.408538006487059098e-06
2.457926591688333075e-06
2.383785730834762466e-06
2.493353841285621078e-06
2.476419360590484929e-06
2.433983527889252852e-06
2.392051879726786425e-06
2.613124107652229674e-06
2.305841700052257783e-06
2.514173423836654513e-06
2.433358700191396804e-06
2.315131993884699214e-06
2.575514522408063314e-06
2.385663036402768869e-06
2.452740867487049821e-06
2.374185576787833231e-06
2.414829146513412296e-06
2.367665548528560175e-06
2.359672412875705351e-06
2.406511079019582360e-06
2.417004124306686948e-06
2.417769592643832475e-06
2.334266514964760903e-06
2.460899944802207357e-06
2.448101492855876630e-06
2.398641573137788258e-06
2.388718930998566666e-06
2.407866598976585811e-06
2.470483140850470351e-06
2.366023037034638895e-06
2.343997037405919441e-06
2.436128759469604478e-06
2.354913132494900481e-06
2.322164553853716496e-06
2.383162902504818725e-06
2.368241073458536479e-06
2.368459346658118743e-06
2.441018623523969828e-06
2.392265586793014105e-06
2.330055381719203150e-06
2.326111231472677241e-06
2.369608276552266852e-06
2.396725711836369703e-06
2.228999204538021603e-06
2.433202263301612452e-06
2.420842823618501116e-06
2.322451969383795224e-06
2.372154753213683972e-06
2.361699956118089976e-06
2.329191314757351761e-06
2.399376965950289689e-06
2.324308945741011604e-06
2.469222380082142590e-06
2.363781749406335151e-06
2.316641770985066375e-06
2.445037331602878971e-06
2.288886643076152235e-06
2.290218746654558825e-06
2.396741197434988801e-06
2.282853439479191067e-06
2.416592442843029638e-06
2.374774031263119390e-06
2.270225366437361008e-06
2.404289708703252431e-06
2.324672487567171348e-06
2.331784826324290027e-06
2.301138362579981999e-06
2.251505396290562844e-06
2.377377615691211179e-06
2.304980745138006959e-06
2.274130494799885228e-06
2.249284490742612066e-06
2.393402013899434880e-06
2.345054086219815952e-06
2.423562211049038765e-06
2.153986503169099434e-06
2.391558521699609289e-06
2.319700669124917234e-06
2.254626249264786535e-06
2.374948529155782996e-06
2.241871190444090453e-06
2.303866496294864971e-06
2.325659375361216926e-06
2.285600097928673807e-06
2.302153185545258895e-06
2.323563738886327272e-06
2.226345288977219933e-06
2.257156697118743120e-06
2.520745359640046645e-06
2.135521388849388341e-06
2.371931787408459519e-06
2.279405154590220602e-06
2.283344874505602604e-06
2.330704804821461487e-06
2.245010097855692368e-06
2.324107553136291083e-06
2.172001849897858687e-06
2.255405268105441293e-06
2.358419767066943098e-06
2.321243583346834713e-06
2.213726060702254012e-06
2.242640567673358809e-06
2.336699411909792676e-06
2.205308271883002116e-06
2.232270247845903812e-06
2.268986539972106874e-06
2.245767189304327125e-06
2.268648304006697560e-06
2.336036719583921705e-06
2.166526951303261898e-06
2.248038559713882034e-06
2.214533180233882115e-06
2.214986302795981467e-06
2.408555513223410014e-06
2.271046192316765124e-06
2.241514075552565302e-06
2.206148099359729842e-06
2.213786492340333609e-06
2.181451941811180414e-06
2.323303717737507023e-06
2.182696204511483040e-06
2.279833181387610058e-06
2.226427702604645034e-06
2.200353069342242863e-06
2.228233009849104258e-06
2.178656741155306547e-06
2.213942202532793549e-06
2.186745347835395587e-06
2.326294796322590209e-06
2.228008105838795299e-06
2.242263181969449392e-06
2.183621372792543068e-06
2.172697169655050568e-06
2.194016672624553814e-06
2.289986006545711932e-06
2.182108884140152902e-06
2.223871289229837664e-06
2.238235972948610471e-06
2.154666162478007120e-06
2.222714691866867864e-06
2.181541442724446503e-06
2.207381903216515099e-06
2.211862775934978806e-06
2.359079388465984776e-06
2.030798168423665788e-06
2.274050186970603087e-06
2.135640622844574974e-06
2.222465629230766974e-06
2.180291445922669493e-06
2.155651642835912765e-06
2.246400394581799136e-06
2.089183642462383851e-06
2.218232549242238307e-06
2.220983421361323392e-06
2.146035959650724139e-06
2.225309848955754964e-06
2.192403288804225206e-06
2.187690014964111769e-06
2.250403006816024533e-06
2.148951918880289107e-06
2.216036489278843834e-06
2.178555801065517849e-06
2.166595149929339791e-06
2.101991464761232647e-06
2.267154346654408613e-06
2.197728738966806795e-06
2.120522628196462294e-06
2.133984004507300546e-06
2.198149444539178367e-06
2.168218852298790489e-06
2.119151712657318038e-06
2.367132840687870666e-06
2.046236774640143226e-06
2.134298850010566211e-06
2.162093157375512228e-06
2.087709871953173647e-06
2.235509294701692752e-06
2.135601147940985806e-06
2.183786652721428576e-06
2.119248852012978814e-06
2.071442047073357222e-06
2.260157893832383106e-06
2.089315238605349944e-06
2.148974419544235339e-06
2.196463340190163193e-06
2.112660250548503517e-06
2.134103013893233356e-06
2.286097169265146105e-06
2.120002826576275807e-06
2.134639026945481650e-06
2.077796044172178803e-06
2.086300804804498121e-06
2.136376791422883928e-06
2.107189513790604345e-06
2.082630890017034899e-06
2.185153697552023144e-06
2.015261768201940929e-06
2.169719505080160320e-06
2.080746801595114427e-06
2.170278031581804730e-06
2.056994822909318688e-06
2.108834769664055043e-06
2.098380809497096370e-06
2.150563243206536245e-06
2.052153081214815995e-06
2.124566622612394445e-06
2.097997927086415854e-06
2.088706314970430656e-06
