2.097556488865785079e-02
6.818297339914175656e-04
4.328564219750783782e-04
3.607474290701325804e-04
3.227246150879416620e-04
2.982202348804973498e-04
2.697482496713497226e-04
2.489648120048252060e-04
2.259030152143526001e-04
2.061331557100922536e-04
1.898340519007819024e-04
1.740865747373708408e-04
1.607209213190567644e-04
1.512179940447489792e-04
1.399867861862861954e-04
1.263591565629190022e-04
1.166047308656227121e-04
1.117432713268358267e-04
1.035786072380609854e-04
1.022243498349039814e-04
9.272150152791459822e-05
8.847241447646740523e-05
8.420484745004305099e-05
7.997627233086061565e-05
7.617601613800165799e-05
7.372445733761453005e-05
6.978746076789104670e-05
6.740327923965944937e-05
6.650908836589254820e-05
6.276198474146455039e-05
6.004100510619330355e-05
6.026663962621667221e-05
7.118013767104556329e-05
5.015267470550505201e-05
5.276569871037135374e-05
5.467555880824869830e-05
5.050531672924103162e-05
5.150487156653546885e-05
5.084708903160286669e-05
4.818816482448380064e-05
4.673326797793048989e-05
4.576767307822753646e-05
4.375157533252999823e-05
5.181597604514989958e-05
3.876510144389038273e-05
4.334550883419911282e-05
4.190426485854365011e-05
3.995556678729218216e-05
4.115104383952338744e-05
4.056214984453804543e-05
3.762612893934448035e-05
3.956612185637951331e-05
3.622171406733637233e-05
3.691740136353654871e-05
3.688207789939516293e-05
3.624359536102561444e-05
3.610200935259134095e-05
3.314632337311104829e-05
3.411876910589919432e-05
3.391771741138695033e-05
3.274829736724528106e-05
3.369570415915029531e-05
3.153189940741988576e-05
3.269223757506602260e-05
3.400082925932451118e-05
2.762846799412228995e-05
3.122879454691589781e-05
2.937203550127101336e-05
2.959623713128705838e-05
2.910516966626737050e-05
2.907933493767519409e-05
2.873046837508945323e-05
2.677176075786290286e-05
2.692286965954491612e-05
2.719799026497317197e-05
2.627587351007025726e-05
2.559752028850742275e-05
2.639190858753057595e-05
2.553586062407743411e-05
2.663170674916468452e-05
2.339544848169614893e-05
2.433514402829558336e-05
2.436058557300649021e-05
2.394441025521234636e-05
2.968008160114096860e-05
2.141268579530371152e-05
2.347397251587784672e-05
2.293868672349467537e-05
2.301444372208095627e-05
2.246532790132503552e-05
2.165947464057950544e-05
2.202868294654884121e-05
2.218528948420735576e-05
2.121624527420072135e-05
2.174689077674730466e-05
2.697607104844217487e-05
1.919997666190991574e-05
2.055799084756419412e-05
2.049730568277308390e-05
2.064153804113879386e-05
1.351702181571434139e-05
1.343675677185211327e-05
1.346554109757592605e-05
1.399618562764341172e-05
1.461466333624978409e-05
1.462218352468359233e-05
1.466651292377260466e-05
1.410934081658401015e-05
1.409201977971697421e-05
1.418171803208346607e-05
1.424518780763631309e-05
1.380760353126700590e-05
1.363366144261686626e-05
1.377067983261254102e-05
1.360829350651177959e-05
1.372176564049937965e-05
1.348487091599157478e-05
1.323179987840801987e-05
1.329728980797231306e-05
1.324439288061444383e-05
1.360281087845754802e-05
1.301771075622155370e-05
1.284661438075697813e-05
1.287094232604653122e-05
1.281030585323354047e-05
1.291619143590661288e-05
1.265282831441771029e-05
1.255072745915945452e-05
1.272691058684383893e-05
1.238513906170946838e-05
1.229114326800141008e-05
1.242061099519232677e-05
1.209158649934909513e-05
1.240565008573919947e-05
1.227110738063176567e-05
1.205229864605833702e-05
1.212731666256379488e-05
1.194867844840857080e-05
1.171771973506382962e-05
1.176352878503665601e-05
1.186609899120823207e-05
1.164595224254500487e-05
1.162026387835572926e-05
1.166240067341227268e-05
1.144685829836272806e-05
1.161754888550838190e-05
1.130361741267136988e-05
1.142384141739891652e-05
1.153601498946370503e-05
1.140766323368655916e-05
1.110334188370893487e-05
1.123089719925867795e-05
1.108750161758830121e-05
1.104072171603290852e-05
1.117901171440827154e-05
1.098328120130350571e-05
1.094436386380930915e-05
1.091269741110028676e-05
1.092205073901241256e-05
1.073281808183164047e-05
1.060792657800773105e-05
1.068616549693761682e-05
1.052904834602720770e-05
1.065448946808077871e-05
1.062196416390474197e-05
1.031123780078429445e-05
1.033061283821837697e-05
1.056071775144479148e-05
1.030267664905585330e-05
1.018262954230748857e-05
1.026086787548247666e-05
1.040528503888864881e-05
1.011773414262743044e-05
1.021185498303916625e-05
1.016531783846849267e-05
9.996290244749399785e-06
1.003152892685282804e-05
9.855581236106470601e-06
9.900152433557672329e-06
9.952669227401463850e-06
9.840420656035353691e-06
9.774246596242445808e-06
9.783018908202693878e-06
9.955676903705844410e-06
9.699607889415145655e-06
9.775137088551453686e-06
9.516275392678308581e-06
9.729844525755447558e-06
9.587437843216935353e-06
9.347612864086005346e-06
9.692194679980711689e-06
9.396765816194012954e-06
9.435983555253328614e-06
9.335130066939802750e-06
9.522535966221424696e-06
9.237543394157200568e-06
9.534491965644915971e-06
9.105250994348592798e-06
9.233199719263745201e-06
9.117319868111076097e-06
9.090996527976783650e-06
9.110937368111341115e-06
9.177249954528707521e-06
8.979638487970007654e-06
9.403584466771388917e-06
8.711955740290354151e-06
8.998908146208415047e-06
8.978241391995857247e-06
8.991250147912592766e-06
8.895092814076975974e-06
8.861984938234438624e-06
8.900832339113196712e-06
8.887992662292520422e-06
8.847405618494663890e-06
8.790820449520705596e-06
8.840791267888501879e-06
8.650743994442859484e-06
8.656633683100843242e-06
8.702308901306208855e-06
8.763346569615847447e-06
8.539315448441687714e-06
8.714221568723819119e-06
8.713149778345609348e-06
8.602486573395669956e-06
8.720174282089448003e-06
8.403970102922748896e-06
8.453216574264356441e-06
8.528316745098706670e-06
8.807034623777556384e-06
8.432702515646348478e-06
8.357511979837029876e-06
8.359972794108990051e-06
8.476345250014585150e-06
8.323332982510586375e-06
8.471938717951985295e-06
8.303876177471813130e-06
8.475250421203411175e-06
8.256268643295934585e-06
8.255751590519225006e-06
8.102591749311890840e-06
8.340305249574187847e-06
8.226175661769746084e-06
8.262637905864820699e-06
8.309461946256227089e-06
8.135739969180486123e-06
8.074695208827676064e-06
8.189265887705909759e-06
8.223179897074646178e-06
8.046533551897581550e-06
8.036006047430147291e-06
8.041778188306835032e-06
8.059320518335568367e-06
8.007425840282483278e-06
7.872342703849627833e-06
7.925263659755194830e-06
8.090595910997210909e-06
7.882243469471568364e-06
7.975338015654878491e-06
7.790305376034072532e-06
7.788673663178750562e-06
8.001746532109461010e-06
7.685498654367685917e-06
7.832797467337332582e-06
7.750270021392869689e-06
7.859525318466961249e-06
7.684127748565757138e-06
7.784244806926253455e-06
7.675388997211942920e-06
7.781908045464177703e-06
7.596022445307066161e-06
7.553751809035403003e-06
7.521022801980240406e-06
7.601673670626717123e-06
7.566435513813164823e-06
7.670992473370125472e-06
7.543855506487879177e-06
7.548553115905374350e-06
7.418770527191330704e-06
7.667132421654496019e-06
7.513036225419175759e-06
7.540413315940508077e-06
7.405898948773255211e-06
7.424423305076383483e-06
7.515281373555523962e-06
7.294691663181894130e-06
7.354730120554087516e-06
7.343521438566599950e-06
7.542263505295263664e-06
7.341408422878663677e-06
7.400752642286111095e-06
7.449766824649884498e-06
7.371054047643183769e-06
7.333849530532511699e-06
7.224533340142790544e-06
7.391134230679993102e-06
7.351237437934511315e-06
7.153422381868602392e-06
7.092426865867078404e-06
7.356826925317761621e-06
7.205050208885497204e-06
7.109418219722537086e-06
7.198905214231408001e-06
7.216907014181160571e-06
7.016954408744750019e-06
7.201303042846050184e-06
7.002690341661210330e-06
7.357690139084156744e-06
7.111157194377178832e-06
6.898640131263350481e-06
7.171466639600797582e-06
7.042605721732276102e-06
7.125224561186920300e-06
6.924583888367199529e-06
7.200001583640948154e-06
6.840136145764822566e-06
6.983349705675269815e-06
7.002327154099314502e-06
6.887054505291681005e-06
7.143491961302726442e-06
6.859226420659717569e-06
6.750326358737476528e-06
6.868343757371115808e-06
6.924183980271641387e-06
6.762279290190959004e-06
6.957553027217390222e-06
6.714816097988971860e-06
6.836227404590448632e-06
6.796144489170907484e-06
6.753668165381749973e-06
6.694319224663856008e-06
6.808127918299566684e-06
6.815133420280483822e-06
6.644404335811310625e-06
6.739831502862397665e-06
6.826852349580517061e-06
6.835676508407360545e-06
6.956560123537523614e-06
6.571570660415196685e-06
6.632652665331857943e-06
6.662886379825954548e-06
6.700614176980729924e-06
6.543218507804315163e-06
6.679691175155322590e-06
6.548000601343569891e-06
6.759484765055193450e-06
6.632352627816557140e-06
6.674851210291837658e-06
6.339695344579410872e-06
6.656925980474282932e-06
6.807318681532096282e-06
6.406902519181163350e-06
6.638661890818416041e-06
6.410655200764310437e-06
6.625648516885645742e-06
6.494907767945155966e-06
6.373069682214561012e-06
6.586073572522520001e-06
6.365329934579523235e-06
6.465326076123294008e-06
6.575461425842487047e-06
6.341384783265004775e-06
6.482199328564602153e-06
6.346201493029196934e-06
6.340384350430245811e-06
6.334561874312503344e-06
6.495678802156088152e-06
6.436351128120053866e-06
6.329833083209274514e-06
6.424028408339803739e-06
6.508939536603201709e-06
6.284975595847242644e-06
6.320980851606563062e-06
6.215029047137822231e-06
6.354144097662900742e-06
6.177105649416831863e-06
6.243995770008575748e-06
6.255280420627263236e-06
6.166242179874000936e-06
6.319913347946456479e-06
6.282800119791865181e-06
6.167545824007857104e-06
6.068854367730034606e-06
6.113995893310681163e-06
6.137496879912802840e-06
6.221470812936350941e-06
6.059819104727499487e-06
6.129611834830561633e-06
6.031269167251493218e-06
6.162637042391521911e-06
6.186271494821752931e-06
6.196614953840560370e-06
5.836977054029156741e-06
6.290450053565414117e-06
5.958577696768659944e-06
5.905812711016475964e-06
6.075097148810663789e-06
6.012186418362271202e-06
5.830526988146708202e-06
6.057589697651806710e-06
5.929429723067003554e-06
6.124234749731437841e-06
5.951081520506604011e-06
6.001406967486502915e-06
5.947121094335535013e-06
5.951375383661405312e-06
5.821400177952062467e-06
6.036627629753769643e-06
5.833070210574683308e-06
5.883284438445559390e-06
5.772264492386820607e-06
5.888931290128639171e-06
5.911190425329731861e-06
5.930621739323096269e-06
5.876983410023846918e-06
5.901006824491172487e-06
5.968217191772040128e-06
5.804606171850007643e-06
5.803617515837917936e-06
5.837543028677037066e-06
5.891282645705490641e-06
5.858559117033233276e-06
6.440864096256521195e-06
5.657219256934801010e-06
5.742737694616712649e-06
5.752895075050538683e-06
5.854678811424856838e-06
5.706600616292217298e-06
5.703002938051949097e-06
5.795108421973805568e-06
5.651433700381417736e-06
5.875051478258158957e-06
5.630317851667659077e-06
5.683565661325661240e-06
5.651005783124233573e-06
5.678148076629017905e-06
5.802063642250407435e-06
5.682001410428796676e-06
5.611582743271622672e-06
5.724873182388316688e-06
5.744868308145347109e-06
5.496730612943984243e-06
5.669337710125566573e-06
5.667135482077139381e-06
5.675595960804097783e-06
5.608112576944355785e-06
5.537777901370952928e-06
5.618919337854936455e-06
5.644810572269601651e-06
5.595027834130942577e-06
5.601324875010441985e-06
5.550667030391427589e-06
5.481379961077076811e-06
5.553863366381404302e-06
5.520591071028542083e-06
5.506106957244536117e-06
5.636577788438514735e-06
6.208731791481526553e-06
5.287049448157036693e-06
5.486542999999295298e-06
5.663009706746037063e-06
5.262539968606791688e-06
5.704480877649677827e-06
5.388170762505228006e-06
5.432336552063270069e-06
5.364226892293357116e-06
5.467043334077935701e-06
5.328887835104646628e-06
5.509525769873039533e-06
5.386231790973417574e-06
5.342066364835350268e-06
5.469021812573159661e-06
5.344833144714115697e-06
5.406880357811316597e-06
5.364208191595857177e-06
5.317799004867721223e-06
5.439095330931948788e-06
5.388470234420637803e-06
5.383759358599470816e-06
5.323942463962195918e-06
5.321895705971033290e-06
5.377373156376843260e-06
5.429585093769071714e-06
5.295710746337397559e-06
5.241888398042969348e-06
5.328237257294493895e-06
5.433183878645207114e-06
5.296153032855056984e-06
5.221743566560745317e-06
5.215318579175901232e-06
5.305650938302721516e-06
5.305166670794510183e-06
5.308904481131532948e-06
5.238050645953319793e-06
5.161433874438287980e-06
5.454165941570115247e-06
5.076100428860498921e-06
5.303951953701823596e-06
5.206686421986791934e-06
5.297602297546077136e-06
5.252400633832729911e-06
5.172824246257929067e-06
5.314102688651856316e-06
5.122148262132397602e-06
5.141403694714756551e-06
5.102975189837911028e-06
5.270341481891365151e-06
5.287810052781564973e-06
5.177434954842326122e-06
5.127928067580434326e-06
5.174119704309624897e-06
5.168634634350297260e-06
5.256553642987523492e-06
5.031639110840182168e-06
5.098352926135924954e-06
5.200442668427063413e-06
5.250921512647701627e-06
4.938384045770292241e-06
5.073778752161654995e-06
5.187061886347911034e-06
4.995193518560153516e-06
4.992186830480972531e-06
5.110835255937896643e-06
5.202168919603539296e-06
5.003735827876200204e-06
5.019916035907097573e-06
5.251623423371766771e-06
5.003502738366672109e-06
4.928349673865036613e-06
4.987913759207729501e-06
5.126173946437851107e-06
4.906381633654469237e-06
5.051466543787743303e-06
4.984620885141974524e-06
4.975079186642637660e-06
5.108089899572141269e-06
4.995872219533691760e-06
4.887425504819178454e-06
4.999102755421736922e-06
4.946777301249659936e-06
5.089865258934042011e-06
5.365004301785017135e-06
4.833067442100867010e-06
5.033545429370729916e-06
4.906295447694284149e-06
4.840525263384141640e-06
4.960259857297566207e-06
4.988424356083681994e-06
4.804221977422273969e-06
5.073609007950354203e-06
4.864095849635176689e-06
4.970880132743957140e-06
4.855876377556528310e-06
5.129564149663419343e-06
5.292632583563786909e-06
4.866797092988520242e-06
4.743136715582411221e-06
4.768793552301610105e-06
4.958613901150564950e-06
5.072377502996324033e-06
4.832380761633992810e-06
4.790507831523347195e-06
5.103200647527978533e-06
4.839322838956340461e-06
4.955379426848135502e-06
4.808532019907081651e-06
5.215295871411024238e-06
4.595935427654054477e-06
4.747901278044429924e-06
4.929722955438443675e-06
4.723971082375128792e-06
4.806769548922904596e-06
4.850040570161184164e-06
4.808946583842124310e-06
4.956656616275299766e-06
4.771711186111138463e-06
4.755857496125837379e-06
4.798488652570156310e-06
4.814122782094539939e-06
4.800547253517605129e-06
4.709454677120301753e-06
4.791415251519061722e-06
4.807905109114182539e-06
4.716756170498816354e-06
4.834391723072605524e-06
4.797870378197860288e-06
4.712177989576731238e-06
4.764109083318992467e-06
4.801588703681632087e-06
4.686099768971914316e-06
4.826820703710534780e-06
4.768397002534133769e-06
4.642721521205578354e-06
4.799602635566494041e-06
4.695397113202207074e-06
4.680144007791284159e-06
4.636754813336640223e-06
4.665196605972072055e-06
4.681835778789121078e-06
4.751599862958296747e-06
4.756935382134048848e-06
4.728050436315645857e-06
4.711648799076754326e-06
4.542484435997895123e-06
4.873785520529084542e-06
4.642152420642043335e-06
4.602824723421345745e-06
4.820171559893278286e-06
4.538807137920895504e-06
4.696412807786354918e-06
4.650512988478730194e-06
4.639196712764147724e-06
4.632677888074495665e-06
4.539061856902413653e-06
4.603415538485807360e-06
4.691427151193336552e-06
4.509730882033443613e-06
4.674446260306011164e-06
4.596717251722144263e-06
4.593350771569943242e-06
4.694553152506479339e-06
4.559242741913528678e-06
4.606170666880855124e-06
4.589062474448417403e-06
4.596206491086757426e-06
4.640276369893621031e-06
4.554566804797414446e-06
4.813172950924837430e-06
4.548185630619250218e-06
4.514494258499255475e-06
4.762163318290053767e-06
4.455626297504016952e-06
4.561293576254905511e-06
4.628903786757402277e-06
4.621888301749460232e-06
4.645028256115772890e-06
4.437407418678613660e-06
4.608008646710130393e-06
4.611539631401592824e-06
4.635861232902616021e-06
4.592787714359360927e-06
4.452455143306057307e-06
4.407443573433040429e-06
4.594795537915284156e-06
4.675041198329142469e-06
4.376421660219970588e-06
4.516364868025566532e-06
4.557356298109653767e-06
4.540342452525800584e-06
4.427554969647783048e-06
4.656740850445092501e-06
4.460844128443266436e-06
4.427064054136401719e-06
4.592775409727439881e-06
4.460455262142456150e-06
4.589666572292494607e-06
4.476558849653637285e-06
4.444956749993204919e-06
4.385373334109035604e-06
4.522798707867497894e-06
4.434467332820861468e-06
4.433009756078886696e-06
4.465274571272739129e-06
4.606466859828524453e-06
4.455796654553506075e-06
4.455407512381034256e-06
4.331152736098238670e-06
4.555987236490887728e-06
4.337544210114947923e-06
4.473140734892259590e-06
4.439847524310476810e-06
4.352118999387001947e-06
4.355419859874376003e-06
4.528830261323015302e-06
4.531386180145864778e-06
4.303392381108421439e-06
4.439657159637236600e-06
4.463559177346726544e-06
4.303258311889783569e-06
4.431503108822562690e-06
4.368850300112307600e-06
4.428858144547876857e-06
4.296255901183101278e-06
4.363153976074421923e-06
4.308127969487843136e-06
4.377714084943076618e-06
4.527578734258822571e-06
4.365519219081106274e-06
4.448323056938312638e-06
4.298592425823842630e-06
4.403445323871507364e-06
4.285470777302639014e-06
4.313787259329766596e-06
4.258437133143453166e-06
4.481406225891191332e-06
4.201638684512708903e-06
4.376525176967006905e-06
4.323329779145648474e-06
4.395257035368125789e-06
4.276907270587569799e-06
4.316031387748717288e-06
4.251254257651151329e-06
4.449364277209288318e-06
4.392315746508379447e-06
4.449727973685117174e-06
4.283437930675380544e-06
4.230730656896901407e-06
4.338951256364236537e-06
4.196980548676897024e-06
4.301998533869500636e-06
4.260013711976465673e-06
4.263271013084284120e-06
4.291190394230455834e-06
4.157741125664086553e-06
4.304581744461686421e-06
4.288905669218013417e-06
4.378880293342240377e-06
4.189442106104967845e-06
4.331945053996816996e-06
4.169552274514675166e-06
4.216940056127223347e-06
4.199981315592856681e-06
4.240809939197042593e-06
4.267848882863444321e-06
4.194807829448603445e-06
4.276481661078714685e-06
4.338997147426193319e-06
4.178443739728513599e-06
4.251504326494592380e-06
4.208463653684856415e-06
4.120040808287074877e-06
4.373587048664333408e-06
4.234547651848467847e-06
4.106377180283955086e-06
4.234084266187446839e-06
4.186382535065848467e-06
4.224857024221560048e-06
4.222685242830946806e-06
4.145549182593088504e-06
4.117594159835985797e-06
4.268743137230522966e-06
4.063111374783644469e-06
4.192236568886179371e-06
4.231109421130174781e-06
4.145988974298758487e-06
4.196508821992097603e-06
4.103874169299881430e-06
4.139628646696520357e-06
4.282815799138573875e-06
4.205377528423697117e-06
4.079524603041231935e-06
4.138462352008732139e-06
4.147524309688514627e-06
4.133547089297880663e-06
4.201487331745517131e-06
4.187818305979520514e-06
4.190804398160676047e-06
4.055104976402801210e-06
4.222396905297349758e-06
4.079154527505611495e-06
4.053406742575923235e-06
4.172885487567735559e-06
4.083648022755863496e-06
4.095978612436597377e-06
4.015209916987942893e-06
4.255860916338780444e-06
4.030790517332468717e-06
4.133966361316645467e-06
4.064459121222563891e-06
4.151298472730317662e-06
3.999724014315096343e-06
4.278805224475189623e-06
4.027171943388443099e-06
4.473907391057711613e-06
3.862373951000880617e-06
4.168818872221639367e-06
4.074845584728386195e-06
4.067708796809361335e-06
4.182135379982697832e-06
4.020554596614486122e-06
4.051405895801724914e-06
4.051163431064609422e-06
3.993283910044977268e-06
4.151899952312986131e-06
4.094638616857649703e-06
4.002359885532296746e-06
4.066043626012174593e-06
3.954939221025433755e-06
4.124152186014723368e-06
3.973032156249336940e-06
4.118103219892636712e-06
3.983485518633100633e-06
4.012092889691774375e-06
4.042379778133725915e-06
3.994175097071891496e-06
4.241004348728298226e-06
3.961340836789848895e-06
4.016367880099613348e-06
3.976785291320146996e-06
3.975030249345670747e-06
4.053601063299178574e-06
4.010925031101392237e-06
4.081043956769934497e-06
3.990349493412856995e-06
3.979541821118042253e-06
3.996306334146062009e-06
3.967241371361106389e-06
3.949568644104116893e-06
3.957956385929316820e-06
4.041520944302342407e-06
3.949453599952626587e-06
4.062952836126526724e-06
3.997198058429887831e-06
3.899973686388863064e-06
3.997969212941019093e-06
4.049605392948727958e-06
3.977640326562509286e-06
3.938638104995626264e-06
4.010200384269470687e-06
4.009935008957717571e-06
3.952025312113181330e-06
3.975787661291083018e-06
3.852622832528645114e-06
3.887930978864530962e-06
4.528867524152341727e-06
3.770597350818594951e-06
3.872201363733652431e-06
4.025837127016512229e-06
3.866716665382270592e-06
4.006793978307612169e-06
3.813811225053216300e-06
3.927720819064085588e-06
3.921454920190150015e-06
3.874769699300650143e-06
3.945136844590719045e-06
3.936717815895840545e-06
3.924443716921340436e-06
3.824427001524084035e-06
3.869974445801354738e-06
4.193409388127718292e-06
3.723072767094394600e-06
3.817334022402830899e-06
3.933304824915210442e-06
3.765970156068118577e-06
3.945416354231144475e-06
3.928283924772653993e-06
3.896841229804806724e-06
3.784909757797471032e-06
3.885130492885374258e-06
3.930099554588430126e-06
3.894441652113442528e-06
3.927183987926831817e-06
3.834269002703035515e-06
3.967420016527478854e-06
3.780274573476155363e-06
3.871650419682422637e-06
3.942505395508076760e-06
3.887254801675805954e-06
3.855199568324754205e-06
3.799655580571444881e-06
3.841418109110548512e-06
3.999583888516782212e-06
3.747427647661593640e-06
3.902787113142356889e-06
3.799823323768432133e-06
3.797913720601548288e-06
3.911184009119908358e-06
3.775912453601855335e-06
3.820426050561736299e-06
3.817795015916429850e-06
3.861923378570791071e-06
3.739352222789856791e-06
3.777217858149624773e-06
3.854039722609439104e-06
3.829580428712303339e-06
3.729133751899237007e-06
3.778886186984508526e-06
3.910240344122733463e-06
3.771875068684854540e-06
3.751969989831583608e-06
3.846020464074287979e-06
5.388662095603165388e-06
3.854152801962644979e-06
3.433831770181563523e-06
3.672084445860393378e-06
3.679120498423381040e-06
3.927514745137310502e-06
3.691352593732945880e-06
3.858670215852819090e-06
3.711252898998720422e-06
3.897388713493231710e-06
3.704635040791454582e-06
3.745941091798269345e-06
3.782224030020639337e-06
3.882749879166291514e-06
3.791845607852425803e-06
3.805666910366727863e-06
3.796122107366432172e-06
3.778523656979723792e-06
3.625528371958856920e-06
3.831030635964832884e-06
3.670766467737324905e-06
3.795866770822895365e-06
3.760695814897472179e-06
3.711031657799152379e-06
3.735633218334278456e-06
3.729294808672571935e-06
3.736752483202200800e-06
3.730999038614104864e-06
3.781862555004514648e-06
3.629345273693515355e-06
3.709756007080822840e-06
3.674156844799830401e-06
3.983270495568188703e-06
3.647029591969200363e-06
3.699465867818750373e-06
3.787943973837480463e-06
3.546516238613115569e-06
3.805016735656720132e-06
3.757734860419253642e-06
3.664685628990661569e-06
3.597326981321517818e-06
3.700321165706051064e-06
3.762951025421185355e-06
3.680756521301032669e-06
3.846249639103503914e-06
3.543779468595366662e-06
3.766238824204179677e-06
3.648520852137183474e-06
3.766226689630132138e-06
3.905806205998651319e-06
3.628416389874776147e-06
3.714400639376705466e-06
3.620555456479634838e-06
3.635449217321683292e-06
3.637223438360159877e-06
3.741873554675513126e-06
3.667582237978417165e-06
3.706834683960203273e-06
3.606523190559770361e-06
3.649929621009747412e-06
3.642928517229316268e-06
3.732913065175233899e-06
3.700370782295127738e-06
3.579376194954780857e-06
3.678926655121859948e-06
3.628134411245963581e-06
3.624534323852486016e-06
3.672010611140583974e-06
3.645220408606521513e-06
3.787969254515000742e-06
3.579146456845050599e-06
3.644235571023537935e-06
3.615854269548355151e-06
3.785765155829964120e-06
3.559202441037164856e-06
3.498210538135610956e-06
3.790189797166571026e-06
3.510844746309572987e-06
3.670036430700654457e-06
3.639940190046809975e-06
3.748639855455878888e-06
3.481887666979940896e-06
3.673111003363600571e-06
3.695454445700296610e-06
3.470547708187084070e-06
3.742500879275905386e-06
3.589268185590442725e-06
3.565952443659877841e-06
3.683586070800631903e-06
3.441398091537415461e-06
3.616735379071648126e-06
3.574621469395983560e-06
3.723281329219797773e-06
3.535287305567180738e-06
3.588162899479730237e-06
3.500218214622966228e-06
3.630630398524935925e-06
3.599697123569571919e-06
3.708869196524778243e-06
3.451735752842421713e-06
3.640859031948113079e-06
3.626602303806585561e-06
3.419020439854991169e-06
3.619471122758637745e-06
3.540101885199045282e-06
3.681328395697439304e-06
3.659168320152484469e-06
3.451942194913000611e-06
3.540144660107929790e-06
3.607999892514085518e-06
3.592782071592558425e-06
3.459719741059665874e-06
3.517777844576195545e-06
3.645881450644496305e-06
3.475139071428671033e-06
3.651302427680796486e-06
3.486589613503055952e-06
3.594916161545020124e-06
3.622722016463684772e-06
3.580057127465527029e-06
