9.814480108616407961e-06
3.981981535616796464e-06
2.369127059864695184e-06
1.664053570493706502e-06
1.348187879557372071e-06
1.150754883383342531e-06
1.055622419698920567e-06
1.019246951727836858e-06
8.541001079720444977e-07
8.108305564746842720e-07
7.624948921147733927e-07
8.320287179230945185e-07
7.242690571729326621e-07
6.904599558765767142e-07
6.175999374136154074e-07
6.777344765396264847e-07
6.220017780833586585e-07
6.148094939817383420e-07
5.578992272603500169e-07
5.051964535596198402e-07
4.966400410921778530e-07
4.529589716639748076e-07
4.335180108228087192e-07
3.807082293860730715e-07
4.101590889149520081e-07
3.724050543496559840e-07
3.111920534593082266e-07
2.973393975480576046e-07
3.565144766071171034e-07
2.872371851481148042e-07
2.524229785194620490e-07
2.814857680277782492e-07
2.227847915037273197e-07
2.034147144058806589e-07
2.101155018863209989e-07
1.819250741164069041e-07
1.671443641271253000e-07
1.498682991041278001e-07
1.541389735848497367e-07
1.531471838234210736e-07
1.555072941528123920e-07
1.308470700678299181e-07
1.028312581752288679e-07
2.094770366056764033e-07
1.599238999006047379e-07
1.340410307193451445e-07
1.132347620114160236e-07
1.320280915706462110e-07
1.226194257242241292e-07
1.063221617414455977e-07
1.008305403615850082e-07
8.436315113158343593e-08
8.985158927998782019e-08
1.085062706351891393e-07
1.606573931667298893e-07
8.926664207820067531e-08
1.148799597672223172e-07
9.416541502105246764e-08
7.240500110583525384e-08
6.846410371963429498e-08
5.581348716532374965e-08
8.048757393908090307e-08
6.847098177331645275e-08
5.261977520376603934e-08
8.277847030058183009e-08
5.205473385672121367e-08
5.174969075483204506e-08
5.085759724465788167e-08
6.209313596627907827e-08
5.345814813040306035e-08
5.996425755938616931e-08
1.360801888949936256e-07
4.469488246172659274e-08
7.757967779298269306e-08
1.271312726203177590e-07
5.120747914588719141e-08
4.573928791273829120e-08
6.534948937542139902e-08
5.321552620785041654e-08
1.533723974489475950e-07
4.399722186576582317e-08
2.203412208245936199e-07
5.290266003044052923e-08
7.465137485951345298e-08
3.685205740566743771e-08
3.665922747586591868e-07
1.732306174062614446e-07
7.172693017309939023e-08
6.244704309210646898e-08
4.720997637264190416e-08
8.467496570574439829e-08
1.159290050622985291e-07
5.569657091086810397e-08
1.105500686549021339e-07
2.931790845650539268e-07
8.923366578983404906e-08
7.321565931306395214e-08
7.520446843045647256e-08
4.206898296388317249e-08
8.040855448143702233e-08
4.601513126090139849e-08
2.451197467223664717e-08
1.118363144314571400e-07
7.478855224007929792e-08
4.221488225653047266e-08
5.482015552615848719e-08
4.752363125248848519e-08
6.308955136091753957e-08
5.298977256984471751e-08
4.503574402292542800e-08
3.823111782708110695e-08
3.817258686922286870e-08
4.150327015395305352e-08
3.068297615982373827e-08
3.968008854826621246e-08
5.246872802899815724e-08
3.935380732400517445e-08
1.045640942720638122e-07
4.712562784447982267e-08
6.248701822642033221e-08
3.577394380727128009e-08
3.834688300230482128e-08
5.060821806068815931e-08
2.792911679705412098e-08
9.263132483283698093e-08
2.752340400036246137e-08
1.244069807171399589e-07
2.584014424655833864e-08
3.915786805919196922e-08
6.199608293400160619e-08
8.964133968447640655e-08
3.766515632719347195e-08
8.594444977916282369e-08
3.766626122114757891e-08
5.139258973940741271e-08
4.916109119790235127e-08
3.092625533440696017e-08
5.360508126273089147e-08
7.481687447352669551e-08
3.016702976310625672e-08
2.295553258591098711e-08
2.679548316564250854e-08
4.164470013279242266e-08
7.473583707451325608e-08
4.365565331454490661e-08
3.786513502745947335e-08
3.204254284128182917e-08
6.169235433617359377e-08
5.042102202423848212e-08
5.268105596201166918e-08
3.914966484330761887e-08
5.051072449191451597e-08
4.584518009664861893e-08
4.873771075608601677e-08
4.278664178514191008e-08
4.533976394327510206e-08
3.321529717936755333e-08
3.431498996064874518e-08
4.292108712888875743e-08
5.232302058288951230e-08
4.008428078350334545e-08
3.303140871935283940e-08
3.066474008051045530e-08
2.105890750669914269e-08
2.218149397492652497e-08
4.015607402152454597e-08
4.041561396661563776e-08
3.608487730843989993e-08
9.524944744043750688e-08
4.358561866979471233e-08
3.317541441560933890e-08
2.878720373189480597e-08
2.647977659364642022e-08
4.108775542022158334e-08
5.369155076095921686e-08
2.736499915556578344e-08
3.342717391774385760e-08
5.479596865143321338e-08
1.435855523368445574e-07
5.266121405611556838e-08
7.060282314341748133e-08
2.399858622936790198e-08
2.560800993478551391e-08
5.071280995139204606e-08
4.806539877222348878e-08
5.324785590232750110e-08
3.675773996292264201e-08
2.694701528582754690e-08
4.444963153105163656e-08
3.273354565180852660e-08
6.365157645404906361e-08
3.740318632594608061e-08
4.787210627910098992e-08
5.669974001420996501e-08
2.436283885742795974e-08
2.910080176832252619e-08
4.893039573516944074e-08
9.212386231638447498e-08
1.067861745696063736e-07
2.774864071852789493e-08
4.145585208448210324e-08
2.267975851566461643e-08
3.178388041646940110e-08
3.232416645460034488e-08
3.471898324391986534e-08
1.813004679718233092e-08
2.564485335199151450e-08
2.233571549936641532e-08
2.842814339487631514e-08
3.644338519848133728e-08
3.928682090759139101e-08
2.370081553237923799e-08
2.037154089862269757e-08
3.090697830998578866e-08
2.456970804587399471e-08
2.299120183124614414e-08
3.323102504282360314e-08
4.387903373981316690e-08
2.472200932857049338e-08
3.501820700080315873e-08
2.266106058357308939e-08
3.219505728679905587e-08
1.504353974723926513e-08
2.675401944429722789e-08
2.422803824231323233e-08
2.140101074132871872e-08
2.157294076710059016e-08
6.304273370005830657e-08
2.510646446296505019e-08
3.416302263303805375e-08
2.982179481136881805e-08
3.121924763149763749e-08
3.196905140612216201e-08
1.872535193570001866e-08
1.553872586157467595e-08
2.436357782187315024e-08
1.659714143897872418e-08
2.240203045289490547e-08
6.821699827241900493e-08
2.116214936620508524e-08
1.724965237315245759e-08
2.311017333056497591e-08
2.265817933277958218e-08
2.842129909197410598e-08
2.132619236761001957e-08
2.474277494002308231e-08
3.345138566146488301e-08
2.304911284056743170e-08
3.120447544802118500e-08
2.773943741374296224e-08
1.703121910168192699e-08
2.479132454880073055e-08
2.456653902527250466e-08
3.031566819799991208e-08
1.499718038644459739e-08
2.589907488470544195e-08
2.705454527074380167e-08
2.154460965186899557e-08
2.650000041626299208e-08
2.605935378596768714e-08
4.001357822858153668e-08
2.180343194879696966e-08
1.922814796273542015e-08
2.054581393906573794e-08
3.043163232518963923e-08
3.316436192335459054e-08
2.596008030764096475e-08
2.218298433831478178e-08
1.641051028400397627e-08
3.023000161306299560e-08
1.849205233384054736e-08
2.310507873914957599e-08
1.715865494134050095e-08
1.908339086753585434e-08
2.811939836533383641e-08
2.061939952113789332e-08
2.162985346387813479e-08
2.513785446467409201e-08
1.961859119603559520e-08
3.083410504700623278e-08
2.529264442330259044e-08
2.473421822912769130e-08
1.832732010598192574e-08
1.820147232933777559e-08
2.200853899125831958e-08
2.222857098388431041e-08
2.363623607948284189e-08
2.644240559845911775e-08
2.073666927060457965e-08
2.263954534953427356e-08
1.886045275512060471e-08
1.419149420200938039e-08
1.544639971484684793e-08
1.649615910537249874e-08
1.585684294980183040e-08
4.024302668881318823e-08
1.869321231140474993e-08
2.481166383461186342e-08
1.469408239529457205e-08
2.807185950359780691e-08
2.157378453659930528e-08
1.698241369751940510e-08
2.551424671537461109e-08
2.095250195566222828e-08
1.861655540835727152e-08
2.145791988539258455e-08
4.219553773054940393e-08
2.317445257915551338e-08
1.425847351299580623e-08
1.837134711024646094e-08
2.204780358283642272e-08
1.955596928837621817e-08
2.519238684328684030e-08
1.772600199956286815e-08
1.833379847937521845e-08
2.111265828830255487e-08
1.534138682757202332e-08
1.759050505256709585e-08
1.599769205995471566e-08
1.362259816062305617e-08
1.630554180565013667e-08
2.013099376085847325e-08
2.183646685693929612e-08
2.345121075109091180e-08
2.254403419499340089e-08
2.115002040170566033e-08
1.605008392857598665e-08
2.300098600471756072e-08
1.621564926779228699e-08
2.025242729075671377e-08
2.255409903284544271e-08
2.486636319076751533e-08
1.522103687534581695e-08
1.918766479036548844e-08
1.713604547148861457e-08
1.632313484378755675e-08
1.722736087117482384e-08
3.362332634537779086e-08
2.637565899021865334e-08
2.129129761385684105e-08
2.064667903312056296e-08
1.570689001084701886e-08
2.382668107259178214e-08
1.940824212454117514e-08
1.652775694083175040e-08
3.793066127855126979e-08
2.244725827438287524e-08
1.865801202427519456e-08
1.298933494098264418e-08
3.097371603644205607e-08
2.047551994621699123e-08
2.198913406914471125e-08
1.612194999722760258e-08
2.296483714303576562e-08
1.579218888991817948e-08
1.429158924537432540e-08
2.515716168716153334e-08
2.506513041566904576e-08
1.447601682968979731e-08
2.138864374501281418e-08
1.925337933528226131e-08
1.903150703697065182e-08
1.417838113582092774e-08
1.269928961988853189e-08
1.301626095795427318e-08
2.017142186616638355e-08
2.491463213516453834e-08
2.144513011614890274e-08
2.321338499200464867e-08
2.111983832264741068e-08
2.086927786137948715e-08
1.548517758465095540e-08
2.355270822818056331e-08
1.485201295281513012e-08
1.529399185073998524e-08
1.445677533240541379e-08
1.912409253179703228e-08
2.799140474962769076e-08
1.926031956145379809e-08
1.404188765263825189e-08
1.755228140609688126e-08
1.680903594092342246e-08
1.714330721824808279e-08
1.515152447950640635e-08
1.804254701198715338e-08
1.976229491162939667e-08
1.801894988773256046e-08
1.773639546343019902e-08
2.797120224329319171e-08
1.344549094284275270e-08
1.999089782600549370e-08
1.682994543728000281e-08
1.373339220123170890e-08
1.913629965599739080e-08
1.356140533204097665e-08
2.202740922996326844e-08
1.877529953731027490e-08
1.803145011081142002e-08
1.530581705821987271e-08
1.596938403736203327e-08
1.387797876617469228e-08
1.415114070368872490e-08
1.534621141274783440e-08
1.414218697703972794e-08
1.469011667865061099e-08
1.203431310159430723e-08
1.640903057875675586e-08
1.467765287088695914e-08
1.475469435519016770e-08
1.533337190551264939e-08
1.380287084629117089e-08
1.142825833966298887e-08
1.776761315852581902e-08
1.065791810361815806e-08
1.156636209032058105e-08
1.463253074263093367e-08
1.212181643950316356e-08
1.395178106378125449e-08
1.322510190249204243e-08
1.339006328038294669e-08
1.236480429156472383e-08
1.609623545562044455e-08
1.234192659183008800e-08
1.418028006128224661e-08
1.284100026310852627e-08
1.315905429066788201e-08
1.407381677864805170e-08
1.439593955154805371e-08
1.616554889949384233e-08
1.494599999318779737e-08
1.317805065070842829e-08
1.472895139187357927e-08
1.337146837698810486e-08
1.246166458912512098e-08
1.670403904086015245e-08
1.750419187374063767e-08
1.374258129516192639e-08
1.249997971797256469e-08
1.245718106446247475e-08
1.097428992125060176e-08
1.475917876803123363e-08
1.298064411514587846e-08
1.167145846636685746e-08
1.380366665415522220e-08
1.417498918243609296e-08
1.304870700380433846e-08
1.348645373155932248e-08
1.178869180051833609e-08
1.376159630694928637e-08
1.284344097740586221e-08
2.355369943529694865e-08
1.544782790574572573e-08
1.314179165490259038e-08
1.082616041259143458e-08
1.263061566447731821e-08
1.237038915746779821e-08
1.419783224321236048e-08
1.250141767883405919e-08
1.327817944485332191e-08
1.152170980844857695e-08
1.940917115916818148e-08
1.231989887884310519e-08
1.631659429790488502e-08
1.235819624412215489e-08
1.413384964621400286e-08
1.316039011101111100e-08
1.056015896949702437e-08
1.221290624187076901e-08
1.151189543691089057e-08
1.164757179594744230e-08
1.341229705076329992e-08
1.487059630989051584e-08
1.175260244679066091e-08
1.441787755851464681e-08
1.221607970336435756e-08
1.221647050186902561e-08
1.276550953832611413e-08
1.244009517620270344e-08
1.468216215272377667e-08
1.884818878750138538e-08
1.052707254700635531e-08
1.302058283414453399e-08
1.233168855918620466e-08
1.207786581858272257e-08
1.121262549474977277e-08
2.407100829771025019e-08
1.170280761186859309e-08
2.556089917504777986e-08
1.513627623239699460e-08
1.490818490879064484e-08
1.163997165321006833e-08
1.456270748434462803e-08
1.308168240399254501e-08
1.350842460112744448e-08
1.154985262985519512e-08
1.365090973592941737e-08
1.301278373944114719e-08
1.147630435127666715e-08
1.393887938405669047e-08
1.389227666237502490e-08
1.151633899354465029e-08
1.336426613818275655e-08
1.075541167239180140e-08
1.233723967430933044e-08
1.140029404211873043e-08
1.069285637811390188e-08
1.343236100126432575e-08
1.234047353193545860e-08
1.173576080759630713e-08
1.136409366608859273e-08
1.108485658818381125e-08
1.126617821256559182e-08
1.138561334101950706e-08
1.149075590234360789e-08
1.229321000550953613e-08
1.194102239310268487e-08
1.067725996506396768e-08
1.220075063201875309e-08
1.383756220718623808e-08
1.121600767817199085e-08
1.095278534535282233e-08
1.156730000673178438e-08
1.052235631959774764e-08
1.193284404621408612e-08
1.176898134502835092e-08
1.217899026073610003e-08
1.275826466695662020e-08
1.138879390794045321e-08
1.122762949279376699e-08
1.236413638139310933e-08
1.157335560719729983e-08
1.337435406867371057e-08
1.142302252787885664e-08
1.074511413179379815e-08
1.063226839903563814e-08
1.093752022285343628e-08
1.112818104331836366e-08
1.165384855283946308e-08
1.046591258102580468e-08
1.089589130032209141e-08
1.158967144476719113e-08
1.085336620576526911e-08
1.249713221795900608e-08
1.105692337688424232e-08
1.084543654883418640e-08
1.252405468221695628e-08
1.043223907259971384e-08
9.844957737925597030e-09
1.171817398670782495e-08
1.153657791519435705e-08
1.086079315371080156e-08
1.227093981981397519e-08
1.295715890137216775e-08
1.145014039138914086e-08
1.242520841771010964e-08
1.150280670714209919e-08
1.056574827629219726e-08
1.096441515358037577e-08
1.116271253209788483e-08
1.134166627281274486e-08
1.340606914368436264e-08
1.212854261467555261e-08
1.099113777769389344e-08
1.103706370741974752e-08
1.034523311460588957e-08
1.163261664771653159e-08
1.103717384154379033e-08
1.087685319589581923e-08
1.024983653508115822e-08
1.251571646321281150e-08
1.050408382496925697e-08
1.109397995691097094e-08
1.209153133174822869e-08
1.119422776696410438e-08
1.071980104683234458e-08
9.230361364132022572e-09
1.104738789337034177e-08
1.208433353383497888e-08
1.090279777571367958e-08
1.101229241129431102e-08
1.151892004003229886e-08
1.070900879085456836e-08
1.108735414590000801e-08
1.114597480977863597e-08
1.096443824621928798e-08
1.144579719891680725e-08
1.249682046733369134e-08
1.058287590893769448e-08
1.070176125494981534e-08
1.246468883664419991e-08
1.269954452709498582e-08
1.147776629295549355e-08
1.047574116341820627e-08
1.063803001244423285e-08
1.136638250187615995e-08
1.081125322599518768e-08
1.245445258035715597e-08
1.018393369633940893e-08
1.138964211833126683e-08
1.154209616771595392e-08
9.912827891866982100e-09
1.104087576919710045e-08
1.104293634313080474e-08
1.054329246130691899e-08
1.129591353787873231e-08
1.052422504699279671e-08
1.002439109498709513e-08
1.109418423794750197e-08
1.012667283362134185e-08
1.073782840421699802e-08
9.939798317759596102e-09
1.100081448157652630e-08
1.075428546215562164e-08
1.047951503352351210e-08
1.091327561653088196e-08
1.017552975213220634e-08
1.124752380121663009e-08
1.090756107657853136e-08
1.067201083060353994e-08
1.033453322918376216e-08
1.190144960361294579e-08
1.007950967135684550e-08
1.016044048895992091e-08
9.967926928311499069e-09
1.064624566282645901e-08
1.108937119909114699e-08
1.029673590835500363e-08
1.065328447680258250e-08
1.115372771920419837e-08
1.140828764789603156e-08
1.031594987210837644e-08
1.050339726305082877e-08
1.018582018730285199e-08
9.797088473817439080e-09
1.060570742339450589e-08
1.005226035744044566e-08
1.098202595528618986e-08
9.890294805359189922e-09
1.116608228102222711e-08
1.071695709953246478e-08
1.065109600517644139e-08
9.917047627538977395e-09
1.025385998332239978e-08
1.034842966873839032e-08
1.029384311124204032e-08
1.053401632589157089e-08
1.135819260866810509e-08
1.027603069303495431e-08
1.018481832204543025e-08
9.773406972612974641e-09
1.045318409609308219e-08
9.909096654325821873e-09
1.039729013996293361e-08
1.049325959456837154e-08
1.031961804898173796e-08
1.087450751668939120e-08
9.420944024896016344e-09
9.893827979112757021e-09
1.077528732906785081e-08
1.081884803966204345e-08
1.033778218584302522e-08
1.052141307411602611e-08
1.018256856610832983e-08
1.071756727810679877e-08
9.971165226829725725e-09
1.050827957982392036e-08
1.106249314375418180e-08
1.026298956929849737e-08
1.040885155845217014e-08
1.007136241071293625e-08
1.037599428599378371e-08
1.124584425582497715e-08
1.052779463606157151e-08
1.014431383339342574e-08
1.060137932995530718e-08
1.009469219326319944e-08
1.072012612013395483e-08
1.061442134187018382e-08
1.069160138200686561e-08
9.438326564747967495e-09
1.044582820242112575e-08
1.071763211513143688e-08
1.106917846271926464e-08
1.026035523210566680e-08
1.041567010418020800e-08
1.050416997827596788e-08
9.827612501567273284e-09
1.029309526501265282e-08
1.016448525348323528e-08
1.107600589023149951e-08
1.059174437045840023e-08
1.053067499867665902e-08
1.077463007703727271e-08
9.619117946613187087e-09
1.089625900618784726e-08
1.040969888066456406e-08
1.023368145780523264e-08
1.038559460653232236e-08
1.104003555241206413e-08
1.093956480957558597e-08
1.072250821465559056e-08
1.093360246784413903e-08
9.467571615573433519e-09
1.095036239462388039e-08
1.107572522585087427e-08
9.658876365392643493e-09
9.521553323565967730e-09
1.062329246792614867e-08
1.039941022185075781e-08
1.022727236232867654e-08
9.890001706480688881e-09
1.018532458374465932e-08
1.005148586585846715e-08
1.045819075784493180e-08
1.144832673105611320e-08
1.030179852534729434e-08
9.825439128974267078e-09
9.968351477596115728e-09
9.838358572267225099e-09
1.038372676731569300e-08
9.914521648113350238e-09
1.019642237309881239e-08
1.087704504243447445e-08
1.065769161812113452e-08
1.081002753977600150e-08
1.020734696766112393e-08
1.056310505731516969e-08
1.042918640337120451e-08
1.027918816731698826e-08
9.916944598842292180e-09
9.725367178248234268e-09
1.038795094387978679e-08
1.052366194187470683e-08
1.025712137447953864e-08
1.073864019929260394e-08
1.053472775680575069e-08
1.007484851101025924e-08
9.282144830535798974e-09
9.781119025831230829e-09
9.925729571591546119e-09
1.035871566301693747e-08
1.039530328483806443e-08
9.478346107982815738e-09
1.010160577408214522e-08
9.788027277579658403e-09
1.032800689415580564e-08
9.337571604817185289e-09
9.611806461862215656e-09
9.663847500007705094e-09
1.017411399573120434e-08
9.768672981635972974e-09
1.020113149508006245e-08
9.527258093555701635e-09
1.019991291428823388e-08
1.029073093405941108e-08
9.744092643870772008e-09
1.002378979819695815e-08
9.744255180521577131e-09
1.032007190815420472e-08
9.917156873484600510e-09
9.979310711116795574e-09
1.021659468136704163e-08
9.531211375701786892e-09
9.738774231493607658e-09
1.006735850239692809e-08
9.659866684330609132e-09
1.016648720764123937e-08
9.801308209489434375e-09
1.048516562462964430e-08
1.055844034425490463e-08
1.001326310756667226e-08
1.039183672446597484e-08
9.850884552520255966e-09
1.122340531622967319e-08
9.379598431280555815e-09
1.018544892872341734e-08
1.010702810333441448e-08
1.046757613920590302e-08
9.661771827040865901e-09
9.870051442817384668e-09
1.022402607020467258e-08
1.073663735695618016e-08
1.077891909062600462e-08
1.044186692666926319e-08
1.016733364167521358e-08
1.052516207522558034e-08
1.024307483277198116e-08
1.003813299149669547e-08
9.618553953316677507e-09
9.566195835475355125e-09
1.038970331990185514e-08
1.011873340672764243e-08
1.088271517346584005e-08
1.036645524976620436e-08
9.919254750911932206e-09
1.002373739567019584e-08
9.764524300237553689e-09
9.951548030073809059e-09
1.041373298704684203e-08
9.586989868637374457e-09
9.528249300672086974e-09
9.981772741696204321e-09
9.721743410295857757e-09
9.415134449852757825e-09
9.362943309554339066e-09
9.211586160517981625e-09
9.458306138299121812e-09
9.745416917894544895e-09
1.003883820516193737e-08
9.624287145015841816e-09
1.000887017710283544e-08
9.499965258896736486e-09
9.339900408633639017e-09
9.813770240896246833e-09
9.450180193937285367e-09
9.392783439921004174e-09
9.526105237966930872e-09
9.755622976115319034e-09
9.562978853239201271e-09
9.710610981983336387e-09
9.459751204587973916e-09
9.511857967936521163e-09
9.134323519788267731e-09
9.501580855442171014e-09
9.730769079396850429e-09
9.240434195589841693e-09
9.748444718127302622e-09
9.574215198426827556e-09
9.345114904135698453e-09
9.433269276826194982e-09
9.528487332488566608e-09
9.874334239157178672e-09
9.348534391051543935e-09
1.008781769229472047e-08
9.326777572482569667e-09
9.526067046294883767e-09
9.755863672467057768e-09
9.393595234996610088e-09
9.596968553182705364e-09
9.524640631752845366e-09
9.185718852222635178e-09
9.271334810989628750e-09
9.670845457776522380e-09
9.399008682464682352e-09
9.567279413147389278e-09
9.048259919097745296e-09
9.896156782929210749e-09
9.444607762532086781e-09
9.519275145919436909e-09
9.127604450043236284e-09
9.646768717175291386e-09
9.672795009407764155e-09
9.578259074771722226e-09
9.444032222916121100e-09
9.754376861792479758e-09
9.910114506794798217e-09
9.236702958048681467e-09
1.001217064811044111e-08
9.272980605601333082e-09
9.397461475657564733e-09
9.833429182037889404e-09
9.302448589210143837e-09
9.406934786682086269e-09
9.775049214511000173e-09
9.709297366100599902e-09
1.016185358082566381e-08
9.379280463406303170e-09
9.569981251900117059e-09
9.167705705692696938e-09
9.333827044599729561e-09
9.378036125440303294e-09
9.719806293162491784e-09
9.596322847471583373e-09
9.405910716964172025e-09
9.133398037874940201e-09
9.401849965229303052e-09
9.609834705770481378e-09
9.911026666031830246e-09
9.582755922110663960e-09
9.693667202270717098e-09
9.712906035019841511e-09
9.829819624940228096e-09
9.944482570745094563e-09
9.724060667792855384e-09
9.563692948688640172e-09
9.524248945069757610e-09
9.527691524624515296e-09
9.381012411324718414e-09
9.119948352065421204e-09
1.003382799069640896e-08
9.868404760027260636e-09
9.217331786715021735e-09
9.942584533462195395e-09
9.315685112198934803e-09
9.392489452864083432e-09
9.707197712316428806e-09
9.723194693833647761e-09
9.649605559047813585e-09
9.268990019961620419e-09
9.209418116995493619e-09
9.246164722753746901e-09
9.114649479613490257e-09
9.182816285147055169e-09
9.634378628220474639e-09
9.221005292658901453e-09
9.495283670446497126e-09
9.373412268587344442e-09
9.357278507593491668e-09
9.333908757014341973e-09
9.384684140911758732e-09
9.561193614615604019e-09
9.176663873233792401e-09
9.427164826547596022e-09
9.661333066901534039e-09
9.287087543441430171e-09
9.484279139826412575e-09
9.404486966957392724e-09
9.524319111164913920e-09
9.316546645266043924e-09
9.501725628524582135e-09
9.172449466632315307e-09
9.221798435987693665e-09
9.299546910312983528e-09
9.362643105248480424e-09
8.998271461280182848e-09
9.347445484308991581e-09
9.501429865110821993e-09
9.209839113566431479e-09
9.196780226261580538e-09
9.234389253265362640e-09
9.247469456852286385e-09
9.368866571435319202e-09
9.182539173480108730e-09
9.330618944147772709e-09
9.266542200236926874e-09
9.350100249605475256e-09
9.408664958243662113e-09
9.246671872631395672e-09
9.115548316174226784e-09
9.347067120302199328e-09
9.444273807446279534e-09
9.243739995667965559e-09
9.398084976908194221e-09
9.314603310883740050e-09
9.236819309421662183e-09
9.180494586757959041e-09
9.263986910923449614e-09
9.233687592313799541e-09
9.265176181827428081e-09
9.259480293621891178e-09
9.185315619220091321e-09
9.324965688506381412e-09
9.233660946961208538e-09
9.208692475226598617e-09
9.180363136351843423e-09
9.417023605351459992e-09
9.048148896795282781e-09
9.340523021705848805e-09
9.217153262852662010e-09
9.325652250424809608e-09
9.479782292487470841e-09
9.569846248780322640e-09
9.344147677836645016e-09
9.148591217922330543e-09
9.511557763630662521e-09
9.271723833137457405e-09
9.362321584660548979e-09
9.100519449134480965e-09
9.326499572637203528e-09
9.156423175227246247e-09
9.248965149311061396e-09
9.575832571329101484e-09
9.151174040766818507e-09
9.056709160404352588e-09
9.115491472755365976e-09
9.714801407767481578e-09
9.222331343039513740e-09
9.162292258224624675e-09
9.284192081793207763e-09
9.291288627366611763e-09
9.270218370716065692e-09
9.453629878919400653e-09
9.134553557998970064e-09
9.434748982073415391e-09
9.445372484151448589e-09
9.287808744318226672e-09
9.065866279911460879e-09
9.188716454389123101e-09
9.231484909832943231e-09
9.106697618221915036e-09
9.217774987746452098e-09
9.068456208183306444e-09
9.332983275101014442e-09
9.142540058348913590e-09
9.348266161168794497e-09
9.053898963884421391e-09
9.262791422770533245e-09
8.897085734815846081e-09
9.393553490610884182e-09
9.161298386572980235e-09
